 3.54  41
 10.50  9.95738E-01  4.26208E-03  -0.9341   8.8299  11.6834  -0.4618   0.6119   0.2956  -0.0542   0.1835
 10.55  9.95841E-01  4.15881E-03  -0.9038   8.8272  11.6876  -0.4380   0.5961   0.2968  -0.0543   0.1829
 10.60  9.95931E-01  4.06862E-03  -0.8744   8.8245  11.6923  -0.4150   0.5808   0.2980  -0.0543   0.1822
 10.65  9.96009E-01  3.99087E-03  -0.8458   8.8218  11.6973  -0.3927   0.5662   0.2993  -0.0543   0.1814
 10.70  9.96075E-01  3.92491E-03  -0.8178   8.8190  11.7028  -0.3710   0.5521   0.3007  -0.0543   0.1805
 10.75  9.96130E-01  3.87008E-03  -0.7905   8.8163  11.7087  -0.3501   0.5385   0.3020  -0.0543   0.1797
 10.80  9.96174E-01  3.82573E-03  -0.7639   8.8136  11.7152  -0.3298   0.5254   0.3034  -0.0543   0.1789
 10.85  9.96209E-01  3.79121E-03  -0.7380   8.8109  11.7222  -0.3103   0.5129   0.3048  -0.0543   0.1782
 10.90  9.96234E-01  3.76618E-03  -0.7126   8.8082  11.7298  -0.2917   0.5011   0.3063  -0.0544   0.1775
 10.95  9.96249E-01  3.75059E-03  -0.6879   8.8055  11.7379  -0.2741   0.4902   0.3078  -0.0545   0.1771
 11.00  9.96256E-01  3.74442E-03  -0.6636   8.8027  11.7466  -0.2574   0.4801   0.3094  -0.0547   0.1767
 11.05  9.96252E-01  3.74764E-03  -0.6398   8.8000  11.7560  -0.2417   0.4705   0.3111  -0.0549   0.1765
 11.10  9.96240E-01  3.76022E-03  -0.6165   8.7972  11.7660  -0.2268   0.4616   0.3128  -0.0552   0.1764
 11.15  9.96218E-01  3.78212E-03  -0.5937   8.7945  11.7766  -0.2128   0.4532   0.3146  -0.0555   0.1763
 11.20  9.96188E-01  3.81159E-03  -0.5712   8.7917  11.7880  -0.1999   0.4458   0.3164  -0.0559   0.1765
 11.25  9.96156E-01  3.84398E-03  -0.5491   8.7889  11.8000  -0.1881   0.4396   0.3183  -0.0564   0.1771
 11.30  9.96126E-01  3.87433E-03  -0.5272   8.7860  11.8128  -0.1773   0.4343   0.3202  -0.0570   0.1779
 11.35  9.96102E-01  3.89766E-03  -0.5056   8.7832  11.8263  -0.1673   0.4300   0.3221  -0.0577   0.1791
 11.40  9.96090E-01  3.91035E-03  -0.4842   8.7803  11.8406  -0.1581   0.4262   0.3238  -0.0585   0.1808
 11.45  9.96078E-01  3.92199E-03  -0.4630   8.7773  11.8557  -0.1495   0.4228   0.3256  -0.0596   0.1831
 11.50  9.96051E-01  3.94922E-03  -0.4419   8.7743  11.8715  -0.1416   0.4196   0.3274  -0.0609   0.1861
 11.55  9.95991E-01  4.00870E-03  -0.4210   8.7712  11.8881  -0.1342   0.4166   0.3293  -0.0624   0.1896
 11.60  9.95883E-01  4.11712E-03  -0.4003   8.7681  11.9054  -0.1275   0.4138   0.3315  -0.0642   0.1936
 11.65  9.95709E-01  4.29094E-03  -0.3797   8.7648  11.9234  -0.1213   0.4113   0.3339  -0.0661   0.1979
 11.70  9.95453E-01  4.54641E-03  -0.3591   8.7615  11.9421  -0.1157   0.4089   0.3367  -0.0682   0.2025
 11.75  9.95098E-01  4.89999E-03  -0.3388   8.7580  11.9615  -0.1106   0.4067   0.3400  -0.0705   0.2072
 11.80  9.94635E-01  5.36059E-03  -0.3185   8.7544  11.9816  -0.1060   0.4047   0.3436  -0.0727   0.2116
 11.85  9.94059E-01  5.93077E-03  -0.2983   8.7507  12.0022  -0.1020   0.4029   0.3472  -0.0749   0.2158
 11.90  9.93368E-01  6.61287E-03  -0.2782   8.7469  12.0233  -0.0986   0.4012   0.3505  -0.0771   0.2200
 11.95  9.92556E-01  7.40923E-03  -0.2582   8.7430  12.0447  -0.0958   0.3997   0.3532  -0.0792   0.2242
 12.00  9.91619E-01  8.32431E-03  -0.2382   8.7390  12.0664  -0.0936   0.3981   0.3551  -0.0817   0.2301
 12.05  9.90516E-01  9.39512E-03  -0.2184   8.7348  12.0884  -0.0920   0.3962   0.3567  -0.0859   0.2408
 12.10  9.89183E-01  1.06843E-02  -0.1986   8.7304  12.1107  -0.0908   0.3938   0.3584  -0.0920   0.2566
 12.15  9.87554E-01  1.22553E-02  -0.1790   8.7256  12.1333  -0.0899   0.3909   0.3608  -0.0998   0.2767
 12.20  9.85563E-01  1.41714E-02  -0.1595   8.7204  12.1562  -0.0894   0.3876   0.3643  -0.1093   0.3001
 12.25  9.83143E-01  1.64960E-02  -0.1402   8.7146  12.1794  -0.0890   0.3840   0.3693  -0.1203   0.3258
 12.30  9.80229E-01  1.92924E-02  -0.1211   8.7083  12.2030  -0.0888   0.3799   0.3762  -0.1327   0.3528
 12.35  9.76754E-01  2.26240E-02  -0.1022   8.7013  12.2270  -0.0887   0.3756   0.3854  -0.1464   0.3797
 12.40  9.72652E-01  2.65542E-02  -0.0836   8.6937  12.2514  -0.0886   0.3711   0.3974  -0.1611   0.4053
 12.45  9.67859E-01  3.11463E-02  -0.0651   8.6852  12.2762  -0.0886   0.3663   0.4112  -0.1768   0.4300
 12.50  9.62306E-01  3.64638E-02  -0.0469   8.6760  12.3015  -0.0894   0.3614   0.4245  -0.1930   0.4547
 3.62  41
 10.50  9.84717E-01  1.52828E-02  -0.9741   8.8542  11.7815  -0.5361   0.6523   0.3122  -0.0534   0.1711
 10.55  9.85166E-01  1.48337E-02  -0.9419   8.8515  11.7846  -0.5101   0.6356   0.3122  -0.0533   0.1706
 10.60  9.85569E-01  1.44309E-02  -0.9105   8.8489  11.7880  -0.4845   0.6193   0.3124  -0.0532   0.1702
 10.65  9.85928E-01  1.40721E-02  -0.8799   8.8462  11.7918  -0.4595   0.6037   0.3126  -0.0530   0.1696
 10.70  9.86245E-01  1.37548E-02  -0.8501   8.8436  11.7959  -0.4350   0.5885   0.3130  -0.0529   0.1692
 10.75  9.86523E-01  1.34769E-02  -0.8211   8.8409  11.8005  -0.4113   0.5737   0.3134  -0.0529   0.1687
 10.80  9.86764E-01  1.32359E-02  -0.7927   8.8383  11.8056  -0.3884   0.5594   0.3139  -0.0528   0.1682
 10.85  9.86970E-01  1.30294E-02  -0.7651   8.8357  11.8111  -0.3663   0.5456   0.3144  -0.0527   0.1677
 10.90  9.87145E-01  1.28552E-02  -0.7382   8.8330  11.8171  -0.3450   0.5323   0.3151  -0.0527   0.1672
 10.95  9.87288E-01  1.27114E-02  -0.7119   8.8304  11.8236  -0.3248   0.5198   0.3158  -0.0527   0.1668
 11.00  9.87403E-01  1.25967E-02  -0.6862   8.8278  11.8306  -0.3055   0.5080   0.3165  -0.0527   0.1666
 11.05  9.87490E-01  1.25100E-02  -0.6610   8.8251  11.8382  -0.2874   0.4970   0.3174  -0.0529   0.1665
 11.10  9.87550E-01  1.24499E-02  -0.6365   8.8225  11.8463  -0.2702   0.4865   0.3184  -0.0530   0.1665
 11.15  9.87585E-01  1.24152E-02  -0.6124   8.8198  11.8550  -0.2540   0.4766   0.3194  -0.0532   0.1666
 11.20  9.87595E-01  1.24044E-02  -0.5888   8.8171  11.8644  -0.2389   0.4674   0.3205  -0.0535   0.1668
 11.25  9.87588E-01  1.24118E-02  -0.5656   8.8145  11.8743  -0.2249   0.4593   0.3216  -0.0539   0.1675
 11.30  9.87573E-01  1.24265E-02  -0.5428   8.8118  11.8849  -0.2122   0.4525   0.3229  -0.0545   0.1687
 11.35  9.87562E-01  1.24377E-02  -0.5204   8.8090  11.8962  -0.2004   0.4466   0.3242  -0.0552   0.1704
 11.40  9.87565E-01  1.24344E-02  -0.4982   8.8062  11.9082  -0.1896   0.4417   0.3255  -0.0561   0.1725
 11.45  9.87584E-01  1.24154E-02  -0.4762   8.8034  11.9209  -0.1795   0.4373   0.3268  -0.0572   0.1750
 11.50  9.87590E-01  1.24102E-02  -0.4544   8.8005  11.9344  -0.1700   0.4331   0.3281  -0.0584   0.1779
 11.55  9.87545E-01  1.24542E-02  -0.4329   8.7976  11.9485  -0.1612   0.4292   0.3295  -0.0596   0.1810
 11.60  9.87416E-01  1.25825E-02  -0.4115   8.7945  11.9634  -0.1530   0.4254   0.3311  -0.0610   0.1844
 11.65  9.87166E-01  1.28307E-02  -0.3903   8.7915  11.9789  -0.1455   0.4219   0.3328  -0.0625   0.1879
 11.70  9.86760E-01  1.32339E-02  -0.3693   8.7883  11.9950  -0.1387   0.4186   0.3348  -0.0641   0.1915
 11.75  9.86161E-01  1.38276E-02  -0.3485   8.7850  12.0118  -0.1325   0.4154   0.3370  -0.0658   0.1952
 11.80  9.85343E-01  1.46391E-02  -0.3278   8.7817  12.0292  -0.1268   0.4124   0.3396  -0.0677   0.1993
 11.85  9.84300E-01  1.56702E-02  -0.3072   8.7783  12.0472  -0.1218   0.4095   0.3424  -0.0699   0.2043
 11.90  9.83034E-01  1.69176E-02  -0.2868   8.7747  12.0657  -0.1176   0.4068   0.3451  -0.0725   0.2101
 11.95  9.81546E-01  1.83778E-02  -0.2666   8.7710  12.0846  -0.1141   0.4042   0.3478  -0.0754   0.2168
 12.00  9.79836E-01  2.00475E-02  -0.2464   8.7672  12.1040  -0.1111   0.4017   0.3502  -0.0786   0.2246
 12.05  9.77894E-01  2.19350E-02  -0.2264   8.7631  12.1237  -0.1086   0.3990   0.3525  -0.0828   0.2349
 12.10  9.75681E-01  2.40754E-02  -0.2065   8.7589  12.1438  -0.1066   0.3959   0.3550  -0.0883   0.2486
 12.15  9.73156E-01  2.65079E-02  -0.1868   8.7543  12.1644  -0.1050   0.3925   0.3581  -0.0949   0.2651
 12.20  9.70278E-01  2.92718E-02  -0.1673   8.7494  12.1854  -0.1038   0.3887   0.3618  -0.1027   0.2838
 12.25  9.67003E-01  3.24063E-02  -0.1479   8.7440  12.2070  -0.1030   0.3847   0.3664  -0.1114   0.3041
 12.30  9.63290E-01  3.59505E-02  -0.1288   8.7382  12.2292  -0.1025   0.3804   0.3722  -0.1211   0.3254
 12.35  9.59097E-01  3.99437E-02  -0.1099   8.7319  12.2520  -0.1022   0.3759   0.3794  -0.1315   0.3468
 12.40  9.54380E-01  4.44250E-02  -0.0912   8.7250  12.2754  -0.1022   0.3711   0.3878  -0.1431   0.3690
 12.45  9.49058E-01  4.94357E-02  -0.0728   8.7175  12.2986  -0.1025   0.3656   0.3972  -0.1577   0.3970
 12.50  9.43064E-01  5.50271E-02  -0.0547   8.7092  12.3205  -0.1033   0.3597   0.4074  -0.1738   0.4266
 3.70  41
 10.50  9.56516E-01  4.34833E-02  -1.0202   8.8799  11.8869  -0.6237   0.6959   0.3299  -0.0544   0.1650
 10.55  9.57990E-01  4.20101E-02  -0.9858   8.8772  11.8886  -0.5951   0.6791   0.3286  -0.0541   0.1647
 10.60  9.59334E-01  4.06653E-02  -0.9523   8.8745  11.8907  -0.5658   0.6624   0.3274  -0.0538   0.1643
 10.65  9.60557E-01  3.94423E-02  -0.9196   8.8718  11.8930  -0.5373   0.6458   0.3263  -0.0535   0.1639
 10.70  9.61665E-01  3.83347E-02  -0.8877   8.8691  11.8958  -0.5095   0.6295   0.3254  -0.0532   0.1635
 10.75  9.62664E-01  3.73356E-02  -0.8566   8.8665  11.8989  -0.4824   0.6134   0.3247  -0.0530   0.1631
 10.80  9.63561E-01  3.64386E-02  -0.8263   8.8638  11.9025  -0.4562   0.5978   0.3240  -0.0527   0.1628
 10.85  9.64362E-01  3.56370E-02  -0.7968   8.8612  11.9064  -0.4309   0.5826   0.3235  -0.0525   0.1624
 10.90  9.65075E-01  3.49241E-02  -0.7681   8.8586  11.9108  -0.4065   0.5679   0.3231  -0.0524   0.1621
 10.95  9.65706E-01  3.42935E-02  -0.7400   8.8560  11.9156  -0.3831   0.5537   0.3228  -0.0522   0.1618
 11.00  9.66261E-01  3.37390E-02  -0.7127   8.8533  11.9209  -0.3608   0.5402   0.3226  -0.0521   0.1616
 11.05  9.66744E-01  3.32555E-02  -0.6860   8.8507  11.9267  -0.3397   0.5274   0.3225  -0.0521   0.1615
 11.10  9.67162E-01  3.28378E-02  -0.6599   8.8481  11.9330  -0.3197   0.5152   0.3225  -0.0521   0.1616
 11.15  9.67519E-01  3.24808E-02  -0.6345   8.8455  11.9398  -0.3008   0.5036   0.3226  -0.0522   0.1618
 11.20  9.67820E-01  3.21794E-02  -0.6096   8.8429  11.9472  -0.2831   0.4926   0.3228  -0.0523   0.1621
 11.25  9.68070E-01  3.19280E-02  -0.5852   8.8403  11.9551  -0.2666   0.4824   0.3230  -0.0525   0.1626
 11.30  9.68283E-01  3.17146E-02  -0.5613   8.8377  11.9636  -0.2516   0.4735   0.3235  -0.0530   0.1637
 11.35  9.68474E-01  3.15226E-02  -0.5378   8.8350  11.9727  -0.2381   0.4660   0.3240  -0.0536   0.1655
 11.40  9.68661E-01  3.13351E-02  -0.5147   8.8323  11.9824  -0.2255   0.4597   0.3247  -0.0545   0.1678
 11.45  9.68862E-01  3.11358E-02  -0.4918   8.8295  11.9926  -0.2137   0.4543   0.3254  -0.0555   0.1706
 11.50  9.69062E-01  3.09375E-02  -0.4692   8.8267  12.0034  -0.2023   0.4492   0.3262  -0.0566   0.1736
 11.55  9.69206E-01  3.07943E-02  -0.4469   8.8239  12.0147  -0.1912   0.4443   0.3270  -0.0578   0.1768
 11.60  9.69231E-01  3.07680E-02  -0.4248   8.8210  12.0268  -0.1807   0.4395   0.3278  -0.0590   0.1800
 11.65  9.69079E-01  3.09135E-02  -0.4030   8.8180  12.0395  -0.1707   0.4348   0.3287  -0.0602   0.1833
 11.70  9.68689E-01  3.12904E-02  -0.3813   8.8149  12.0530  -0.1617   0.4303   0.3297  -0.0615   0.1866
 11.75  9.68000E-01  3.19570E-02  -0.3599   8.8118  12.0673  -0.1535   0.4259   0.3308  -0.0628   0.1899
 11.80  9.66955E-01  3.29693E-02  -0.3387   8.8086  12.0824  -0.1471   0.4216   0.3320  -0.0643   0.1935
 11.85  9.65545E-01  3.43351E-02  -0.3178   8.8054  12.0983  -0.1415   0.4175   0.3336  -0.0661   0.1982
 11.90  9.63807E-01  3.60177E-02  -0.2970   8.8020  12.1149  -0.1364   0.4136   0.3356  -0.0685   0.2042
 11.95  9.61780E-01  3.79788E-02  -0.2764   8.7985  12.1318  -0.1323   0.4099   0.3378  -0.0714   0.2114
 12.00  9.59502E-01  4.01803E-02  -0.2560   8.7949  12.1491  -0.1292   0.4063   0.3401  -0.0747   0.2197
 12.05  9.57008E-01  4.25877E-02  -0.2358   8.7910  12.1665  -0.1268   0.4028   0.3423  -0.0787   0.2298
 12.10  9.54288E-01  4.52059E-02  -0.2157   8.7870  12.1840  -0.1250   0.3990   0.3448  -0.0836   0.2424
 12.15  9.51303E-01  4.80626E-02  -0.1959   8.7827  12.2019  -0.1237   0.3949   0.3477  -0.0894   0.2572
 12.20  9.48019E-01  5.11861E-02  -0.1762   8.7780  12.2203  -0.1225   0.3905   0.3513  -0.0962   0.2738
 12.25  9.44396E-01  5.46042E-02  -0.1568   8.7730  12.2394  -0.1215   0.3859   0.3556  -0.1037   0.2917
 12.30  9.40400E-01  5.83451E-02  -0.1376   8.7677  12.2594  -0.1207   0.3812   0.3605  -0.1119   0.3103
 12.35  9.35991E-01  6.24366E-02  -0.1187   8.7618  12.2804  -0.1204   0.3762   0.3662  -0.1209   0.3301
 12.40  9.31156E-01  6.68875E-02  -0.1000   8.7555  12.3016  -0.1206   0.3707   0.3723  -0.1314   0.3531
 12.45  9.25865E-01  7.16992E-02  -0.0817   8.7487  12.3216  -0.1210   0.3647   0.3793  -0.1443   0.3804
 12.50  9.19915E-01  7.69516E-02  -0.0636   8.7411  12.3414  -0.1210   0.3586   0.3885  -0.1579   0.4065
 3.78  41
 10.50  8.98971E-01  1.01028E-01  -1.0750   8.9070  11.9979  -0.7527   0.7442   0.3461  -0.0579   0.1672
 10.55  9.02740E-01  9.72584E-02  -1.0381   8.9041  11.9980  -0.7191   0.7296   0.3430  -0.0576   0.1679
 10.60  9.06230E-01  9.37683E-02  -1.0020   8.9012  11.9984  -0.6849   0.7131   0.3400  -0.0571   0.1679
 10.65  9.09451E-01  9.05474E-02  -0.9668   8.8984  11.9991  -0.6508   0.6950   0.3372  -0.0564   0.1672
 10.70  9.12416E-01  8.75825E-02  -0.9325   8.8956  12.0002  -0.6170   0.6776   0.3345  -0.0559   0.1670
 10.75  9.15139E-01  8.48595E-02  -0.8991   8.8928  12.0017  -0.5844   0.6601   0.3321  -0.0553   0.1666
 10.80  9.17634E-01  8.23643E-02  -0.8665   8.8900  12.0036  -0.5528   0.6430   0.3299  -0.0549   0.1663
 10.85  9.19915E-01  8.00828E-02  -0.8348   8.8873  12.0059  -0.5223   0.6261   0.3279  -0.0544   0.1660
 10.90  9.21997E-01  7.80008E-02  -0.8039   8.8846  12.0085  -0.4931   0.6097   0.3261  -0.0541   0.1658
 10.95  9.23893E-01  7.61045E-02  -0.7738   8.8819  12.0116  -0.4651   0.5937   0.3244  -0.0537   0.1656
 11.00  9.25617E-01  7.43795E-02  -0.7445   8.8792  12.0151  -0.4385   0.5782   0.3228  -0.0534   0.1654
 11.05  9.27185E-01  7.28118E-02  -0.7160   8.8765  12.0191  -0.4131   0.5634   0.3214  -0.0531   0.1654
 11.10  9.28609E-01  7.13872E-02  -0.6881   8.8739  12.0235  -0.3892   0.5493   0.3202  -0.0530   0.1655
 11.15  9.29904E-01  7.00914E-02  -0.6610   8.8712  12.0284  -0.3666   0.5357   0.3191  -0.0529   0.1658
 11.20  9.31084E-01  6.89103E-02  -0.6346   8.8686  12.0338  -0.3452   0.5228   0.3181  -0.0529   0.1663
 11.25  9.32163E-01  6.78295E-02  -0.6087   8.8660  12.0397  -0.3249   0.5105   0.3172  -0.0529   0.1668
 11.30  9.33156E-01  6.68353E-02  -0.5835   8.8633  12.0461  -0.3059   0.4991   0.3164  -0.0531   0.1677
 11.35  9.34070E-01  6.59179E-02  -0.5588   8.8606  12.0531  -0.2884   0.4893   0.3158  -0.0534   0.1692
 11.40  9.34913E-01  6.50705E-02  -0.5345   8.8580  12.0606  -0.2726   0.4811   0.3155  -0.0541   0.1714
 11.45  9.35690E-01  6.42863E-02  -0.5107   8.8552  12.0686  -0.2585   0.4742   0.3153  -0.0549   0.1742
 11.50  9.36404E-01  6.35603E-02  -0.4871   8.8525  12.0772  -0.2459   0.4683   0.3153  -0.0560   0.1775
 11.55  9.37028E-01  6.29193E-02  -0.4638   8.8496  12.0863  -0.2346   0.4625   0.3154  -0.0570   0.1808
 11.60  9.37505E-01  6.24187E-02  -0.4409   8.8468  12.0960  -0.2244   0.4567   0.3157  -0.0581   0.1841
 11.65  9.37779E-01  6.21146E-02  -0.4182   8.8438  12.1062  -0.2150   0.4509   0.3161  -0.0592   0.1874
 11.70  9.37791E-01  6.20633E-02  -0.3958   8.8408  12.1170  -0.2061   0.4451   0.3167  -0.0603   0.1905
 11.75  9.37483E-01  6.23208E-02  -0.3737   8.8378  12.1284  -0.1975   0.4393   0.3176  -0.0615   0.1935
 11.80  9.36800E-01  6.29435E-02  -0.3518   8.8347  12.1405  -0.1867   0.4335   0.3191  -0.0626   0.1961
 11.85  9.35695E-01  6.39749E-02  -0.3303   8.8315  12.1531  -0.1773   0.4278   0.3202  -0.0640   0.1999
 11.90  9.34187E-01  6.53941E-02  -0.3090   8.8283  12.1664  -0.1698   0.4224   0.3211  -0.0661   0.2059
 11.95  9.32313E-01  6.71592E-02  -0.2881   8.8249  12.1803  -0.1630   0.4171   0.3220  -0.0689   0.2139
 12.00  9.30112E-01  6.92284E-02  -0.2673   8.8214  12.1948  -0.1567   0.4121   0.3227  -0.0722   0.2237
 12.05  9.27621E-01  7.15599E-02  -0.2468   8.8177  12.2100  -0.1513   0.4072   0.3235  -0.0761   0.2352
 12.10  9.24880E-01  7.41118E-02  -0.2266   8.8138  12.2259  -0.1467   0.4025   0.3245  -0.0805   0.2480
 12.15  9.21925E-01  7.68424E-02  -0.2066   8.8096  12.2424  -0.1425   0.3979   0.3259  -0.0853   0.2618
 12.20  9.18790E-01  7.97150E-02  -0.1868   8.8052  12.2596  -0.1390   0.3933   0.3281  -0.0908   0.2767
 12.25  9.15427E-01  8.27532E-02  -0.1673   8.8005  12.2773  -0.1361   0.3884   0.3311  -0.0971   0.2932
 12.30  9.11743E-01  8.60190E-02  -0.1480   8.7955  12.2952  -0.1337   0.3830   0.3348  -0.1042   0.3112
 12.35  9.07688E-01  8.95531E-02  -0.1290   8.7901  12.3130  -0.1315   0.3773   0.3391  -0.1123   0.3312
 12.40  9.03293E-01  9.33393E-02  -0.1103   8.7843  12.3306  -0.1293   0.3715   0.3445  -0.1214   0.3524
 12.45  8.98201E-01  9.74085E-02  -0.0918   8.7780  12.3484  -0.1267   0.3662   0.3520  -0.1307   0.3712
 12.50  8.92188E-01  1.01784E-01  -0.0736   8.7712  12.3665  -0.1237   0.3611   0.3623  -0.1399   0.3861
 3.86  41
 10.50  8.03180E-01  1.96808E-01  -1.1418   8.9351  12.1107  -0.9248   0.8045   0.3556  -0.0647   0.1818
 10.55  8.10867E-01  1.89121E-01  -1.1019   8.9319  12.1089  -0.8831   0.7888   0.3506  -0.0639   0.1822
 10.60  8.18080E-01  1.81908E-01  -1.0629   8.9287  12.1075  -0.8430   0.7721   0.3459  -0.0631   0.1823
 10.65  8.24828E-01  1.75159E-01  -1.0247   8.9256  12.1064  -0.8033   0.7546   0.3414  -0.0622   0.1822
 10.70  8.31123E-01  1.68863E-01  -0.9875   8.9225  12.1057  -0.7639   0.7361   0.3371  -0.0613   0.1818
 10.75  8.36981E-01  1.63005E-01  -0.9511   8.9194  12.1054  -0.7245   0.7169   0.3330  -0.0604   0.1812
 10.80  8.42425E-01  1.57561E-01  -0.9158   8.9164  12.1054  -0.6858   0.6982   0.3291  -0.0596   0.1810
 10.85  8.47478E-01  1.52507E-01  -0.8813   8.9135  12.1059  -0.6484   0.6793   0.3255  -0.0588   0.1807
 10.90  8.52165E-01  1.47819E-01  -0.8478   8.9105  12.1068  -0.6122   0.6606   0.3221  -0.0581   0.1804
 10.95  8.56510E-01  1.43472E-01  -0.8153   8.9077  12.1080  -0.5774   0.6423   0.3189  -0.0575   0.1802
 11.00  8.60536E-01  1.39442E-01  -0.7836   8.9048  12.1097  -0.5442   0.6245   0.3159  -0.0569   0.1800
 11.05  8.64268E-01  1.35705E-01  -0.7528   8.9020  12.1118  -0.5127   0.6072   0.3131  -0.0563   0.1799
 11.10  8.67728E-01  1.32239E-01  -0.7229   8.8992  12.1143  -0.4829   0.5906   0.3106  -0.0559   0.1799
 11.15  8.70938E-01  1.29021E-01  -0.6937   8.8964  12.1173  -0.4547   0.5749   0.3082  -0.0555   0.1802
 11.20  8.73917E-01  1.26033E-01  -0.6654   8.8936  12.1208  -0.4282   0.5600   0.3061  -0.0553   0.1807
 11.25  8.76685E-01  1.23256E-01  -0.6377   8.8908  12.1247  -0.4031   0.5459   0.3041  -0.0552   0.1814
 11.30  8.79261E-01  1.20671E-01  -0.6108   8.8881  12.1291  -0.3792   0.5325   0.3023  -0.0551   0.1822
 11.35  8.81665E-01  1.18258E-01  -0.5844   8.8853  12.1340  -0.3567   0.5200   0.3006  -0.0551   0.1834
 11.40  8.83913E-01  1.15998E-01  -0.5587   8.8826  12.1394  -0.3361   0.5085   0.2992  -0.0554   0.1851
 11.45  8.86020E-01  1.13871E-01  -0.5336   8.8798  12.1454  -0.3175   0.4982   0.2980  -0.0558   0.1873
 11.50  8.88001E-01  1.11858E-01  -0.5089   8.8770  12.1518  -0.3010   0.4888   0.2972  -0.0564   0.1899
 11.55  8.89864E-01  1.09943E-01  -0.4847   8.8742  12.1586  -0.2865   0.4802   0.2966  -0.0572   0.1928
 11.60  8.91559E-01  1.08179E-01  -0.4609   8.8713  12.1659  -0.2733   0.4725   0.2963  -0.0579   0.1956
 11.65  8.92991E-01  1.06661E-01  -0.4374   8.8684  12.1737  -0.2610   0.4657   0.2962  -0.0587   0.1982
 11.70  8.94063E-01  1.05486E-01  -0.4143   8.8654  12.1818  -0.2494   0.4597   0.2960  -0.0594   0.2008
 11.75  8.94682E-01  1.04752E-01  -0.3914   8.8624  12.1904  -0.2377   0.4541   0.2958  -0.0602   0.2036
 11.80  8.94808E-01  1.04497E-01  -0.3689   8.8594  12.1995  -0.2356   0.4486   0.2936  -0.0615   0.2094
 11.85  8.94476E-01  1.04680E-01  -0.3466   8.8563  12.2091  -0.2300   0.4428   0.2930  -0.0633   0.2160
 11.90  8.93728E-01  1.05254E-01  -0.3246   8.8530  12.2194  -0.2193   0.4367   0.2929  -0.0656   0.2239
 11.95  8.92605E-01  1.06172E-01  -0.3029   8.8497  12.2303  -0.2096   0.4305   0.2930  -0.0683   0.2331
 12.00  8.91149E-01  1.07388E-01  -0.2815   8.8462  12.2419  -0.2016   0.4242   0.2936  -0.0714   0.2432
 12.05  8.89401E-01  1.08854E-01  -0.2605   8.8425  12.2544  -0.1948   0.4178   0.2947  -0.0749   0.2541
 12.10  8.87402E-01  1.10524E-01  -0.2398   8.8387  12.2677  -0.1895   0.4114   0.2963  -0.0787   0.2655
 12.15  8.85194E-01  1.12351E-01  -0.2194   8.8347  12.2821  -0.1866   0.4049   0.2985  -0.0827   0.2771
 12.20  8.82818E-01  1.14288E-01  -0.1993   8.8304  12.2974  -0.1854   0.3984   0.3012  -0.0870   0.2888
 12.25  8.80267E-01  1.16309E-01  -0.1795   8.8260  12.3137  -0.1849   0.3922   0.3047  -0.0919   0.3015
 12.30  8.77367E-01  1.18468E-01  -0.1600   8.8212  12.3304  -0.1844   0.3865   0.3093  -0.0977   0.3158
 12.35  8.73908E-01  1.20829E-01  -0.1409   8.8162  12.3468  -0.1840   0.3811   0.3155  -0.1040   0.3296
 12.40  8.69860E-01  1.23404E-01  -0.1219   8.8108  12.3628  -0.1834   0.3759   0.3236  -0.1098   0.3392
 12.45  8.65337E-01  1.26155E-01  -0.1033   8.8052  12.3788  -0.1826   0.3709   0.3339  -0.1151   0.3446
 12.50  8.60356E-01  1.29078E-01  -0.0848   8.7993  12.3947  -0.1820   0.3660   0.3462  -0.1204   0.3477
 3.94  41
 10.50  6.70093E-01  3.29812E-01  -1.2237   8.9637  12.2218  -1.1252   0.8787   0.3582  -0.0742   0.2071
 10.55  6.82788E-01  3.17115E-01  -1.1802   8.9600  12.2181  -1.0771   0.8598   0.3519  -0.0728   0.2069
 10.60  6.94875E-01  3.05024E-01  -1.1377   8.9564  12.2148  -1.0303   0.8409   0.3459  -0.0715   0.2066
 10.65  7.06356E-01  2.93540E-01  -1.0961   8.9529  12.2118  -0.9842   0.8219   0.3402  -0.0702   0.2064
 10.70  7.17233E-01  2.82660E-01  -1.0555   8.9494  12.2092  -0.9390   0.8034   0.3348  -0.0691   0.2063
 10.75  7.27508E-01  2.72383E-01  -1.0158   8.9459  12.2070  -0.8940   0.7846   0.3295  -0.0679   0.2061
 10.80  7.37183E-01  2.62706E-01  -0.9770   8.9426  12.2050  -0.8495   0.7646   0.3244  -0.0667   0.2056
 10.85  7.46277E-01  2.53611E-01  -0.9393   8.9393  12.2035  -0.8054   0.7440   0.3195  -0.0655   0.2050
 10.90  7.54817E-01  2.45068E-01  -0.9026   8.9360  12.2023  -0.7621   0.7234   0.3149  -0.0644   0.2046
 10.95  7.62830E-01  2.37048E-01  -0.8670   8.9328  12.2016  -0.7202   0.7028   0.3105  -0.0634   0.2042
 11.00  7.70346E-01  2.29521E-01  -0.8324   8.9297  12.2014  -0.6796   0.6824   0.3064  -0.0625   0.2039
 11.05  7.77393E-01  2.22457E-01  -0.7987   8.9266  12.2017  -0.6404   0.6624   0.3025  -0.0616   0.2036
 11.10  7.83999E-01  2.15825E-01  -0.7661   8.9235  12.2027  -0.6031   0.6429   0.2987  -0.0607   0.2034
 11.15  7.90192E-01  2.09596E-01  -0.7344   8.9205  12.2043  -0.5677   0.6241   0.2952  -0.0600   0.2033
 11.20  7.95996E-01  2.03745E-01  -0.7037   8.9175  12.2065  -0.5342   0.6063   0.2920  -0.0594   0.2034
 11.25  8.01434E-01  1.98251E-01  -0.6738   8.9146  12.2091  -0.5026   0.5896   0.2891  -0.0589   0.2038
 11.30  8.06528E-01  1.93093E-01  -0.6447   8.9116  12.2120  -0.4730   0.5737   0.2865  -0.0586   0.2044
 11.35  8.11298E-01  1.88250E-01  -0.6164   8.9087  12.2150  -0.4451   0.5587   0.2840  -0.0583   0.2053
 11.40  8.15766E-01  1.83702E-01  -0.5888   8.9058  12.2179  -0.4187   0.5446   0.2818  -0.0582   0.2064
 11.45  8.19960E-01  1.79421E-01  -0.5619   8.9029  12.2209  -0.3940   0.5314   0.2797  -0.0582   0.2081
 11.50  8.23914E-01  1.75368E-01  -0.5357   8.9000  12.2242  -0.3711   0.5192   0.2777  -0.0585   0.2105
 11.55  8.27662E-01  1.71507E-01  -0.5100   8.8970  12.2281  -0.3506   0.5078   0.2757  -0.0589   0.2135
 11.60  8.31234E-01  1.67805E-01  -0.4849   8.8941  12.2330  -0.3330   0.4974   0.2737  -0.0594   0.2171
 11.65  8.34563E-01  1.64323E-01  -0.4602   8.8911  12.2389  -0.3190   0.4882   0.2719  -0.0601   0.2211
 11.70  8.37512E-01  1.61194E-01  -0.4360   8.8881  12.2456  -0.3064   0.4803   0.2705  -0.0608   0.2249
 11.75  8.39939E-01  1.58551E-01  -0.4122   8.8850  12.2529  -0.2965   0.4735   0.2698  -0.0617   0.2285
 11.80  8.41711E-01  1.56524E-01  -0.3887   8.8819  12.2605  -0.2522   0.4673   0.2768  -0.0626   0.2262
 11.85  8.42807E-01  1.55127E-01  -0.3655   8.8787  12.2684  -0.2213   0.4608   0.2784  -0.0640   0.2299
 11.90  8.43327E-01  1.54259E-01  -0.3426   8.8755  12.2768  -0.2112   0.4535   0.2782  -0.0658   0.2364
 11.95  8.43377E-01  1.53811E-01  -0.3201   8.8722  12.2857  -0.2009   0.4457   0.2780  -0.0679   0.2442
 12.00  8.43064E-01  1.53674E-01  -0.2980   8.8687  12.2954  -0.1883   0.4375   0.2773  -0.0703   0.2536
 12.05  8.42493E-01  1.53741E-01  -0.2764   8.8651  12.3059  -0.1768   0.4290   0.2767  -0.0730   0.2639
 12.10  8.41769E-01  1.53903E-01  -0.2551   8.8614  12.3175  -0.1653   0.4202   0.2763  -0.0759   0.2748
 12.15  8.40964E-01  1.54066E-01  -0.2343   8.8575  12.3301  -0.1513   0.4121   0.2764  -0.0790   0.2858
 12.20  8.39838E-01  1.54262E-01  -0.2139   8.8535  12.3435  -0.1351   0.4057   0.2772  -0.0823   0.2968
 12.25  8.38002E-01  1.54588E-01  -0.1937   8.8493  12.3572  -0.1170   0.4009   0.2787  -0.0857   0.3073
 12.30  8.35312E-01  1.55076E-01  -0.1738   8.8449  12.3710  -0.0973   0.3960   0.2815  -0.0889   0.3158
 12.35  8.31978E-01  1.55678E-01  -0.1541   8.8404  12.3851  -0.0764   0.3909   0.2858  -0.0919   0.3216
 12.40  8.28042E-01  1.56381E-01  -0.1347   8.8357  12.3996  -0.0543   0.3862   0.2917  -0.0949   0.3253
 12.45  8.23504E-01  1.57187E-01  -0.1155   8.8309  12.4145  -0.0313   0.3817   0.2987  -0.0977   0.3271
 12.50  8.18364E-01  1.58094E-01  -0.0965   8.8260  12.4299  -0.0074   0.3772   0.3070  -0.1005   0.3274
 4.02  41
 10.50  5.13217E-01  4.86208E-01  -1.3212   8.9922  12.3287  -1.3053   0.9549   0.3550  -0.0842   0.2372
 10.55  5.30313E-01  4.69114E-01  -1.2740   8.9881  12.3234  -1.2601   0.9359   0.3493  -0.0826   0.2364
 10.60  5.46901E-01  4.52522E-01  -1.2277   8.9840  12.3182  -1.2141   0.9171   0.3435  -0.0810   0.2358
 10.65  5.62943E-01  4.36470E-01  -1.1823   8.9800  12.3134  -1.1674   0.8979   0.3378  -0.0795   0.2353
 10.70  5.78416E-01  4.20981E-01  -1.1379   8.9760  12.3089  -1.1205   0.8782   0.3321  -0.0780   0.2348
 10.75  5.93295E-01  4.06077E-01  -1.0945   8.9722  12.3049  -1.0740   0.8581   0.3266  -0.0765   0.2343
 10.80  6.07559E-01  3.91781E-01  -1.0521   8.9684  12.3014  -1.0275   0.8381   0.3212  -0.0751   0.2339
 10.85  6.21184E-01  3.78114E-01  -1.0107   8.9646  12.2986  -0.9805   0.8176   0.3158  -0.0737   0.2334
 10.90  6.34150E-01  3.65097E-01  -0.9703   8.9610  12.2964  -0.9329   0.7961   0.3105  -0.0722   0.2327
 10.95  6.46465E-01  3.52719E-01  -0.9311   8.9574  12.2948  -0.8845   0.7741   0.3052  -0.0709   0.2321
 11.00  6.58153E-01  3.40958E-01  -0.8929   8.9539  12.2937  -0.8372   0.7517   0.3003  -0.0695   0.2316
 11.05  6.69237E-01  3.29791E-01  -0.8559   8.9505  12.2930  -0.7917   0.7293   0.2956  -0.0683   0.2311
 11.10  6.79741E-01  3.19193E-01  -0.8200   8.9471  12.2924  -0.7472   0.7071   0.2913  -0.0672   0.2305
 11.15  6.89689E-01  3.09140E-01  -0.7852   8.9438  12.2920  -0.7042   0.6853   0.2872  -0.0661   0.2300
 11.20  6.99103E-01  2.99609E-01  -0.7514   8.9405  12.2914  -0.6634   0.6642   0.2832  -0.0651   0.2298
 11.25  7.08007E-01  2.90578E-01  -0.7187   8.9372  12.2908  -0.6251   0.6440   0.2792  -0.0642   0.2299
 11.30  7.16415E-01  2.82028E-01  -0.6870   8.9341  12.2901  -0.5889   0.6250   0.2753  -0.0634   0.2305
 11.35  7.24340E-01  2.73944E-01  -0.6562   8.9309  12.2898  -0.5546   0.6072   0.2717  -0.0628   0.2313
 11.40  7.31796E-01  2.66310E-01  -0.6263   8.9278  12.2902  -0.5224   0.5903   0.2683  -0.0624   0.2324
 11.45  7.38797E-01  2.59108E-01  -0.5972   8.9247  12.2914  -0.4917   0.5744   0.2655  -0.0620   0.2333
 11.50  7.45366E-01  2.52313E-01  -0.5688   8.9216  12.2936  -0.4618   0.5592   0.2637  -0.0617   0.2341
 11.55  7.51563E-01  2.45860E-01  -0.5412   8.9185  12.2968  -0.4320   0.5446   0.2630  -0.0617   0.2346
 11.60  7.57452E-01  2.39684E-01  -0.5144   8.9154  12.3007  -0.4007   0.5306   0.2634  -0.0618   0.2347
 11.65  7.63094E-01  2.33718E-01  -0.4882   8.9123  12.3052  -0.3663   0.5174   0.2643  -0.0621   0.2348
 11.70  7.68423E-01  2.28023E-01  -0.4626   8.9092  12.3100  -0.3361   0.5065   0.2637  -0.0625   0.2372
 11.75  7.73233E-01  2.22794E-01  -0.4375   8.9060  12.3152  -0.3025   0.4979   0.2610  -0.0633   0.2423
 11.80  7.77310E-01  2.18235E-01  -0.4128   8.9029  12.3207  -0.4015   0.4913   0.2297  -0.0642   0.2794
 11.85  7.80447E-01  2.14543E-01  -0.3883   8.8996  12.3265  -0.4502   0.4856   0.2199  -0.0653   0.2969
 11.90  7.82660E-01  2.11678E-01  -0.3642   8.8963  12.3328  -0.4225   0.4778   0.2179  -0.0665   0.3052
 11.95  7.84194E-01  2.09357E-01  -0.3406   8.8930  12.3401  -0.3998   0.4674   0.2180  -0.0678   0.3110
 12.00  7.85305E-01  2.07284E-01  -0.3175   8.8895  12.3487  -0.3945   0.4548   0.2226  -0.0691   0.3106
 12.05  7.86249E-01  2.05166E-01  -0.2951   8.8861  12.3592  -0.3965   0.4417   0.2302  -0.0705   0.3061
 12.10  7.86874E-01  2.02872E-01  -0.2733   8.8825  12.3707  -0.4056   0.4340   0.2408  -0.0716   0.2975
 12.15  7.86483E-01  2.00551E-01  -0.2517   8.8789  12.3808  -0.4198   0.4295   0.2541  -0.0727   0.2861
 12.20  7.85203E-01  1.98172E-01  -0.2303   8.8752  12.3901  -0.4387   0.4240   0.2702  -0.0737   0.2729
 12.25  7.83108E-01  1.95718E-01  -0.2093   8.8715  12.3995  -0.4624   0.4190   0.2888  -0.0747   0.2588
 12.30  7.80198E-01  1.93189E-01  -0.1884   8.8678  12.4089  -0.4905   0.4141   0.3097  -0.0757   0.2444
 12.35  7.76474E-01  1.90584E-01  -0.1678   8.8640  12.4183  -0.5223   0.4094   0.3324  -0.0766   0.2305
 12.40  7.71935E-01  1.87904E-01  -0.1475   8.8601  12.4277  -0.5572   0.4049   0.3569  -0.0775   0.2172
 12.45  7.66582E-01  1.85148E-01  -0.1273   8.8562  12.4370  -0.5950   0.4005   0.3830  -0.0784   0.2047
 12.50  7.60415E-01  1.82317E-01  -0.1074   8.8523  12.4464  -0.6352   0.3962   0.4106  -0.0793   0.1930
 4.10  41
 10.50  3.55613E-01  6.40554E-01  -1.4303   9.0203  12.4314  -1.4021   1.0143   0.3441  -0.0908   0.2638
 10.55  3.74235E-01  6.21960E-01  -1.3800   9.0158  12.4251  -1.3738   0.9987   0.3417  -0.0897   0.2627
 10.60  3.92808E-01  6.03424E-01  -1.3304   9.0113  12.4189  -1.3413   0.9829   0.3386  -0.0886   0.2617
 10.65  4.11238E-01  5.85026E-01  -1.2817   9.0069  12.4130  -1.3057   0.9661   0.3352  -0.0874   0.2607
 10.70  4.29434E-01  5.66846E-01  -1.2338   9.0026  12.4073  -1.2673   0.9482   0.3313  -0.0860   0.2596
 10.75  4.47318E-01  5.48954E-01  -1.1869   8.9983  12.4021  -1.2267   0.9297   0.3271  -0.0846   0.2586
 10.80  4.64834E-01  5.31406E-01  -1.1409   8.9941  12.3972  -1.1843   0.9108   0.3228  -0.0832   0.2578
 10.85  4.81929E-01  5.14253E-01  -1.0958   8.9900  12.3926  -1.1408   0.8916   0.3183  -0.0818   0.2571
 10.90  4.98550E-01  4.97550E-01  -1.0517   8.9859  12.3884  -1.0962   0.8730   0.3138  -0.0806   0.2568
 10.95  5.14645E-01  4.81350E-01  -1.0085   8.9819  12.3844  -1.0503   0.8523   0.3091  -0.0791   0.2561
 11.00  5.30164E-01  4.65701E-01  -0.9665   8.9780  12.3808  -1.0027   0.8286   0.3042  -0.0775   0.2548
 11.05  5.45091E-01  4.50620E-01  -0.9257   8.9742  12.3775  -0.9532   0.8050   0.2990  -0.0760   0.2542
 11.10  5.59424E-01  4.36108E-01  -0.8860   8.9704  12.3745  -0.9051   0.7812   0.2936  -0.0746   0.2539
 11.15  5.73160E-01  4.22167E-01  -0.8476   8.9667  12.3719  -0.8579   0.7575   0.2881  -0.0732   0.2540
 11.20  5.86297E-01  4.08798E-01  -0.8103   8.9631  12.3696  -0.8095   0.7341   0.2835  -0.0719   0.2535
 11.25  5.98833E-01  3.96002E-01  -0.7741   8.9595  12.3678  -0.7602   0.7114   0.2797  -0.0706   0.2525
 11.30  6.10767E-01  3.83781E-01  -0.7391   8.9560  12.3664  -0.7123   0.6893   0.2766  -0.0695   0.2512
 11.35  6.22105E-01  3.72122E-01  -0.7052   8.9526  12.3654  -0.6666   0.6678   0.2739  -0.0685   0.2499
 11.40  6.32870E-01  3.60993E-01  -0.6723   8.9492  12.3650  -0.6237   0.6469   0.2713  -0.0675   0.2489
 11.45  6.43085E-01  3.50358E-01  -0.6405   8.9458  12.3652  -0.5860   0.6268   0.2677  -0.0667   0.2491
 11.50  6.52776E-01  3.40183E-01  -0.6096   8.9425  12.3660  -0.5560   0.6075   0.2621  -0.0659   0.2515
 11.55  6.61959E-01  3.30438E-01  -0.5797   8.9392  12.3675  -0.5366   0.5896   0.2539  -0.0653   0.2572
 11.60  6.70595E-01  3.21155E-01  -0.5507   8.9360  12.3696  -0.5309   0.5741   0.2433  -0.0650   0.2670
 11.65  6.78605E-01  3.12407E-01  -0.5223   8.9327  12.3722  -0.5428   0.5610   0.2316  -0.0649   0.2802
 11.70  6.85911E-01  3.04262E-01  -0.4945   8.9295  12.3751  -0.5434   0.5489   0.2269  -0.0650   0.2864
 11.75  6.92555E-01  2.96643E-01  -0.4674   8.9262  12.3785  -0.5646   0.5358   0.2314  -0.0650   0.2811
 11.80  6.98843E-01  2.89135E-01  -0.4411   8.9230  12.3828  -0.1091   0.5128   0.3448  -0.0643   0.1864
 11.85  7.05052E-01  2.81344E-01  -0.4158   8.9198  12.3890   0.1340   0.5093   0.3807  -0.0650   0.1708
 11.90  7.08445E-01  2.75940E-01  -0.3898   8.9165  12.3962   0.1317   0.5304   0.3865  -0.0664   0.1717
 11.95  7.08748E-01  2.72001E-01  -0.3636   8.9132  12.4035   0.1684   0.4996   0.3902  -0.0614   0.1573
 12.00  7.09340E-01  2.64998E-01  -0.3401   8.9103  12.4116   0.1883   0.4513   0.3939  -0.0551   0.1400
 12.05  7.08942E-01  2.56611E-01  -0.3181   8.9077  12.4201   0.1970   0.4260   0.3984  -0.0515   0.1292
 12.10  7.07462E-01  2.46961E-01  -0.2975   8.9052  12.4290   0.1977   0.3993   0.4032  -0.0479   0.1188
 12.15  7.04899E-01  2.36047E-01  -0.2781   8.9029  12.4384   0.1897   0.3790   0.4078  -0.0451   0.1106
 12.20  7.01253E-01  2.23872E-01  -0.2596   8.9007  12.4482   0.1761   0.3610   0.4118  -0.0426   0.1034
 12.25  6.96525E-01  2.10433E-01  -0.2419   8.8986  12.4585   0.1586   0.3454   0.4154  -0.0405   0.0974
 12.30  6.90714E-01  1.95731E-01  -0.2250   8.8966  12.4692   0.1387   0.3316   0.4187  -0.0386   0.0921
 12.35  6.83821E-01  1.79766E-01  -0.2088   8.8947  12.4803   0.1173   0.3194   0.4222  -0.0369   0.0874
 12.40  6.75845E-01  1.62538E-01  -0.1931   8.8929  12.4919   0.0948   0.3084   0.4259  -0.0354   0.0831
 12.45  6.66787E-01  1.44048E-01  -0.1779   8.8912  12.5039   0.0718   0.2986   0.4300  -0.0340   0.0791
 12.50  6.56646E-01  1.24294E-01  -0.1632   8.8895  12.5164   0.0483   0.2892   0.4346  -0.0327   0.0753
 4.18  41
 10.50  2.21761E-01  7.62935E-01  -1.5427   9.0473  12.5283  -1.3892   1.0384   0.3344  -0.0911   0.2724
 10.55  2.37953E-01  7.46859E-01  -1.4909   9.0428  12.5225  -1.3804   1.0312   0.3354  -0.0911   0.2715
 10.60  2.54599E-01  7.30280E-01  -1.4396   9.0382  12.5167  -1.3672   1.0229   0.3358  -0.0910   0.2709
 10.65  2.71631E-01  7.13278E-01  -1.3887   9.0337  12.5109  -1.3501   1.0121   0.3357  -0.0906   0.2700
 10.70  2.88980E-01  6.95937E-01  -1.3384   9.0291  12.5052  -1.3291   0.9996   0.3350  -0.0901   0.2690
 10.75  3.06573E-01  6.78343E-01  -1.2887   9.0247  12.4995  -1.3047   0.9856   0.3337  -0.0894   0.2680
 10.80  3.24342E-01  6.60579E-01  -1.2398   9.0202  12.4940  -1.2771   0.9702   0.3318  -0.0886   0.2670
 10.85  3.42204E-01  6.42728E-01  -1.1917   9.0158  12.4885  -1.2464   0.9539   0.3292  -0.0877   0.2664
 10.90  3.60053E-01  6.24866E-01  -1.1445   9.0114  12.4833  -1.2125   0.9372   0.3259  -0.0868   0.2663
 10.95  3.77780E-01  6.07071E-01  -1.0980   9.0071  12.4782  -1.1759   0.9196   0.3221  -0.0859   0.2667
 11.00  3.95277E-01  5.89421E-01  -1.0525   9.0028  12.4735  -1.1353   0.9032   0.3180  -0.0850   0.2674
 11.05  4.12434E-01  5.71991E-01  -1.0078   8.9986  12.4690  -1.0915   0.8821   0.3139  -0.0841   0.2680
 11.10  4.29151E-01  5.54857E-01  -0.9643   8.9944  12.4650  -1.0460   0.8561   0.3101  -0.0830   0.2676
 11.15  4.45398E-01  5.38075E-01  -0.9221   8.9903  12.4613  -1.0005   0.8320   0.3069  -0.0814   0.2653
 11.20  4.61173E-01  5.21695E-01  -0.8811   8.9863  12.4579  -0.9621   0.8086   0.3015  -0.0795   0.2637
 11.25  4.76475E-01  5.05767E-01  -0.8413   8.9824  12.4547  -0.9291   0.7860   0.2947  -0.0772   0.2621
 11.30  4.91301E-01  4.90339E-01  -0.8025   8.9786  12.4518  -0.8934   0.7641   0.2881  -0.0748   0.2596
 11.35  5.05649E-01  4.75462E-01  -0.7648   8.9749  12.4490  -0.8527   0.7433   0.2832  -0.0720   0.2543
 11.40  5.19509E-01  4.61177E-01  -0.7282   8.9714  12.4463  -0.8047   0.7219   0.2819  -0.0697   0.2473
 11.45  5.32735E-01  4.47405E-01  -0.6927   8.9679  12.4441  -0.7469   0.6981   0.2856  -0.0690   0.2415
 11.50  5.45081E-01  4.33970E-01  -0.6585   8.9644  12.4429  -0.6761   0.6696   0.2958  -0.0703   0.2376
 11.55  5.56294E-01  4.20697E-01  -0.6256   8.9609  12.4434  -0.5859   0.6485   0.3115  -0.0716   0.2298
 11.60  5.66125E-01  4.07411E-01  -0.5941   8.9572  12.4460  -0.4668   0.5981   0.3310  -0.0782   0.2363
 11.65  5.74397E-01  3.94084E-01  -0.5640   8.9535  12.4507  -0.3055   0.6575   0.3523  -0.0616   0.1748
 11.70  5.81108E-01  3.81033E-01  -0.5324   8.9503  12.4551  -0.1082   0.4759   0.3712  -0.0877   0.2364
 11.75  5.86278E-01  3.68620E-01  -0.5034   8.9479  12.4567   0.0899   1.0753   0.3817   0.0772  -0.2022
 11.80  5.28086E-01  3.23975E-01  -0.4282   8.9560  12.5054   0.2586   1.4737   0.3846   0.1210  -0.3145
 11.85  3.28124E-01  2.06234E-01  -0.3757   8.9564  12.5670   0.3871   0.6888   0.3847  -0.0517   0.1343
 11.90  2.76483E-01  1.73390E-01  -0.3489   8.9536  12.5630   0.4689   0.5265   0.3848  -0.0574   0.1493
 11.95  2.79050E-01  1.72382E-01  -0.3193   8.9506  12.5667   0.5260   0.5924   0.3837  -0.0612   0.1594
 12.00  2.57582E-01  1.58976E-01  -0.2921   8.9476  12.5651   0.5948   0.5147   0.3784  -0.0606   0.1600
 12.05  2.41940E-01  1.48620E-01  -0.2670   8.9446  12.5648   0.6643   0.4870   0.3711  -0.0597   0.1608
 12.10  2.34045E-01  1.42405E-01  -0.2435   8.9416  12.5664   0.7321   0.4550   0.3625  -0.0600   0.1654
 12.15  2.30276E-01  1.38560E-01  -0.2213   8.9386  12.5697   0.7998   0.4331   0.3528  -0.0612   0.1734
 12.20  2.27076E-01  1.35345E-01  -0.2001   8.9355  12.5744   0.8688   0.4163   0.3416  -0.0628   0.1839
 12.25  2.22658E-01  1.31890E-01  -0.1796   8.9323  12.5802   0.9402   0.4037   0.3289  -0.0641   0.1949
 12.30  2.17178E-01  1.28281E-01  -0.1597   8.9291  12.5873   1.0146   0.3942   0.3148  -0.0647   0.2056
 12.35  2.10890E-01  1.24650E-01  -0.1401   8.9258  12.5955   1.0918   0.3866   0.2995  -0.0648   0.2164
 12.40  2.04049E-01  1.21131E-01  -0.1210   8.9226  12.6049   1.1715   0.3800   0.2836  -0.0645   0.2274
 12.45  1.96909E-01  1.17857E-01  -0.1021   8.9194  12.6155   1.2537   0.3745   0.2671  -0.0636   0.2382
 12.50  1.89725E-01  1.14961E-01  -0.0835   8.9162  12.6273   1.3383   0.3694   0.2504  -0.0626   0.2498
 4.26  41
 10.50  1.23920E-01  8.24332E-01  -1.6513   9.0744  12.6289  -1.3300   1.0396   0.3473  -0.0876   0.2523
 10.55  1.35373E-01  8.13551E-01  -1.5995   9.0700  12.6240  -1.3349   1.0361   0.3500  -0.0883   0.2522
 10.60  1.47543E-01  8.02055E-01  -1.5477   9.0655  12.6189  -1.3387   1.0321   0.3525  -0.0888   0.2518
 10.65  1.60433E-01  7.89842E-01  -1.4963   9.0611  12.6136  -1.3397   1.0269   0.3549  -0.0890   0.2509
 10.70  1.74020E-01  7.76906E-01  -1.4451   9.0566  12.6082  -1.3368   1.0207   0.3570  -0.0892   0.2499
 10.75  1.88185E-01  7.63229E-01  -1.3942   9.0522  12.6028  -1.3289   1.0132   0.3587  -0.0895   0.2494
 10.80  2.02790E-01  7.48788E-01  -1.3438   9.0477  12.5975  -1.3154   1.0045   0.3602  -0.0897   0.2491
 10.85  2.17697E-01  7.33564E-01  -1.2938   9.0432  12.5922  -1.2972   0.9949   0.3612  -0.0900   0.2492
 10.90  2.32769E-01  7.17535E-01  -1.2443   9.0387  12.5872  -1.2757   0.9843   0.3620  -0.0903   0.2495
 10.95  2.47938E-01  7.00769E-01  -1.1954   9.0342  12.5825  -1.2521   0.9720   0.3624  -0.0901   0.2487
 11.00  2.63334E-01  6.83580E-01  -1.1471   9.0297  12.5778  -1.2283   0.9576   0.3625  -0.0891   0.2457
 11.05  2.79122E-01  6.66329E-01  -1.0997   9.0253  12.5732  -1.2045   0.9408   0.3624  -0.0876   0.2417
 11.10  2.95469E-01  6.49377E-01  -1.0530   9.0210  12.5684  -1.1733   0.9248   0.3624  -0.0842   0.2325
 11.15  3.12539E-01  6.33083E-01  -1.0073   9.0168  12.5633  -1.1305   0.9003   0.3627  -0.0843   0.2324
 11.20  3.30363E-01  6.17665E-01  -0.9631   9.0125  12.5578  -1.0724   0.8710   0.3639  -0.0870   0.2390
 11.25  3.48097E-01  6.02414E-01  -0.9200   9.0082  12.5526  -0.9946   0.8518   0.3662  -0.0855   0.2336
 11.30  3.64541E-01  5.86241E-01  -0.8778   9.0040  12.5483  -0.9138   0.8393   0.3703  -0.0813   0.2196
 11.35  3.78495E-01  5.68061E-01  -0.8360   9.0001  12.5458  -0.8278   0.8327   0.3752  -0.0743   0.1981
 11.40  3.88758E-01  5.46787E-01  -0.7944   8.9966  12.5459  -0.7356   0.8316   0.3801  -0.0646   0.1700
 11.45  3.94132E-01  5.21330E-01  -0.7528   8.9937  12.5494  -0.6364   0.8356   0.3847  -0.0519   0.1348
 11.50  3.93399E-01  4.90733E-01  -0.7107   8.9914  12.5569  -0.5289   0.8497   0.3892  -0.0391   0.1004
 11.55  3.85275E-01  4.54654E-01  -0.6675   8.9897  12.5680  -0.4125   0.8795   0.3937  -0.0297   0.0755
 11.60  3.68450E-01  4.12945E-01  -0.6223   8.9884  12.5821  -0.2887   0.9366   0.3986  -0.0239   0.0600
 11.65  3.41859E-01  3.65676E-01  -0.5736   8.9872  12.5984  -0.1588   1.0111   0.4030  -0.0239   0.0594
 11.70  3.09283E-01  3.17309E-01  -0.5220   8.9858  12.6144  -0.0529   1.0379   0.4001  -0.0363   0.0906
 11.75  2.78713E-01  2.76018E-01  -0.4711   8.9835  12.6263   0.0653   0.9841   0.3894  -0.0550   0.1412
 11.80  2.54105E-01  2.44575E-01  -0.4244   8.9804  12.6333  -0.2982   0.8811   0.2708  -0.0654   0.2417
 11.85  2.35921E-01  2.21184E-01  -0.3830   8.9771  12.6374  -0.4532   0.7785   0.2299  -0.0677   0.2946
 11.90  2.23470E-01  2.04022E-01  -0.3460   8.9737  12.6402  -0.3649   0.7094   0.2193  -0.0686   0.3125
 11.95  2.14787E-01  1.91395E-01  -0.3116   8.9702  12.6426  -0.3218   0.6685   0.2120  -0.0695   0.3281
 12.00  2.07915E-01  1.81643E-01  -0.2790   8.9667  12.6453  -0.2755   0.6363   0.2068  -0.0697   0.3372
 12.05  2.01954E-01  1.73376E-01  -0.2480   8.9633  12.6482  -0.2254   0.6016   0.2022  -0.0682   0.3370
 12.10  1.96724E-01  1.65688E-01  -0.2188   8.9599  12.6512  -0.1724   0.5703   0.1986  -0.0665   0.3346
 12.15  1.92069E-01  1.58648E-01  -0.1909   8.9566  12.6544  -0.1174   0.5477   0.1961  -0.0660   0.3364
 12.20  1.87837E-01  1.52529E-01  -0.1639   8.9533  12.6586  -0.0626   0.5309   0.1949  -0.0664   0.3404
 12.25  1.83877E-01  1.47590E-01  -0.1377   8.9500  12.6641  -0.0096   0.5184   0.1949  -0.0672   0.3451
 12.30  1.80035E-01  1.43709E-01  -0.1120   8.9466  12.6711   0.0406   0.5082   0.1955  -0.0678   0.3466
 12.35  1.76155E-01  1.40365E-01  -0.0868   8.9432  12.6790   0.0878   0.4996   0.1966  -0.0677   0.3441
 12.40  1.72081E-01  1.37015E-01  -0.0620   8.9398  12.6873   0.1326   0.4924   0.1982  -0.0671   0.3384
 12.45  1.67658E-01  1.33114E-01  -0.0376   8.9365  12.6956   0.1757   0.4867   0.2002  -0.0659   0.3293
 12.50  1.62729E-01  1.28120E-01  -0.0134   8.9332  12.7031   0.2174   0.4815   0.2025  -0.0646   0.3189
 4.34  41
 10.50  6.15118E-02  8.04942E-01  -1.7571   9.1036  12.7420  -1.3311   1.0289   0.3879  -0.0839   0.2163
 10.55  6.81186E-02  7.99743E-01  -1.7057   9.0994  12.7377  -1.3330   1.0268   0.3890  -0.0843   0.2168
 10.60  7.52594E-02  7.93659E-01  -1.6544   9.0952  12.7333  -1.3337   1.0254   0.3906  -0.0848   0.2170
 10.65  8.29178E-02  7.86614E-01  -1.6031   9.0909  12.7290  -1.3325   1.0251   0.3923  -0.0851   0.2170
 10.70  9.10772E-02  7.78533E-01  -1.5519   9.0867  12.7246  -1.3293   1.0253   0.3942  -0.0855   0.2169
 10.75  9.97210E-02  7.69340E-01  -1.5006   9.0824  12.7203  -1.3236   1.0260   0.3961  -0.0858   0.2165
 10.80  1.08840E-01  7.58988E-01  -1.4493   9.0781  12.7160  -1.3151   1.0253   0.3982  -0.0860   0.2160
 10.85  1.18453E-01  7.47539E-01  -1.3981   9.0738  12.7118  -1.3035   1.0212   0.4003  -0.0862   0.2153
 10.90  1.28588E-01  7.35085E-01  -1.3472   9.0695  12.7075  -1.2883   1.0137   0.4025  -0.0863   0.2144
 10.95  1.39271E-01  7.21716E-01  -1.2968   9.0652  12.7034  -1.2689   1.0031   0.4048  -0.0863   0.2132
 11.00  1.50531E-01  7.07523E-01  -1.2469   9.0608  12.6992  -1.2442   0.9900   0.4069  -0.0863   0.2120
 11.05  1.62265E-01  6.92426E-01  -1.1977   9.0565  12.6952  -1.2133   0.9804   0.4087  -0.0857   0.2097
 11.10  1.73948E-01  6.75764E-01  -1.1488   9.0523  12.6916  -1.1763   0.9800   0.4099  -0.0841   0.2052
 11.15  1.84965E-01  6.56759E-01  -1.0996   9.0481  12.6886  -1.1328   0.9862   0.4103  -0.0816   0.1988
 11.20  1.94704E-01  6.34632E-01  -1.0499   9.0442  12.6866  -1.0760   1.0087   0.4125  -0.0779   0.1889
 11.25  2.02548E-01  6.08605E-01  -0.9990   9.0404  12.6859  -1.0082   1.0148   0.4153  -0.0728   0.1752
 11.30  2.08043E-01  5.78277E-01  -0.9487   9.0369  12.6867  -0.9326   1.0024   0.4168  -0.0678   0.1626
 11.35  2.11333E-01  5.44675E-01  -0.8986   9.0336  12.6887  -0.8534   0.9982   0.4157  -0.0645   0.1552
 11.40  2.12703E-01  5.09166E-01  -0.8489   9.0304  12.6914  -0.7800   0.9906   0.4110  -0.0629   0.1530
 11.45  2.12439E-01  4.73113E-01  -0.7996   9.0273  12.6945  -0.7157   0.9829   0.4009  -0.0628   0.1567
 11.50  2.10827E-01  4.37883E-01  -0.7507   9.0241  12.6975  -0.6650   0.9742   0.3840  -0.0642   0.1673
 11.55  2.08111E-01  4.04601E-01  -0.7022   9.0208  12.7000  -0.6361   0.9631   0.3612  -0.0664   0.1839
 11.60  2.04373E-01  3.73405E-01  -0.6544   9.0174  12.7022  -0.6401   0.9476   0.3340  -0.0686   0.2055
 11.65  1.99650E-01  3.44171E-01  -0.6075   9.0140  12.7039  -0.6916   0.9287   0.3048  -0.0708   0.2323
 11.70  1.94034E-01  3.16850E-01  -0.5617   9.0104  12.7053  -0.7778   0.9036   0.2798  -0.0731   0.2614
 11.75  1.87993E-01  2.91869E-01  -0.5173   9.0066  12.7061  -0.8734   0.8694   0.2648  -0.0758   0.2863
 11.80  1.82121E-01  2.69810E-01  -0.4748   9.0028  12.7062  -0.8139   0.8298   0.2860  -0.0782   0.2734
 11.85  1.76715E-01  2.50728E-01  -0.4343   8.9988  12.7056  -0.7725   0.7891   0.2889  -0.0793   0.2746
 11.90  1.71840E-01  2.34268E-01  -0.3959   8.9949  12.7048  -0.7696   0.7491   0.2843  -0.0792   0.2786
 11.95  1.67556E-01  2.20066E-01  -0.3594   8.9909  12.7041  -0.7443   0.7105   0.2794  -0.0782   0.2798
 12.00  1.63908E-01  2.07765E-01  -0.3248   8.9871  12.7039  -0.7180   0.6759   0.2746  -0.0768   0.2798
 12.05  1.60811E-01  1.97096E-01  -0.2917   8.9832  12.7042  -0.6908   0.6474   0.2696  -0.0757   0.2807
 12.10  1.58109E-01  1.87833E-01  -0.2599   8.9795  12.7052  -0.6604   0.6240   0.2637  -0.0747   0.2833
 12.15  1.55652E-01  1.79751E-01  -0.2293   8.9758  12.7067  -0.6290   0.6038   0.2575  -0.0740   0.2872
 12.20  1.53319E-01  1.72608E-01  -0.1995   8.9721  12.7089  -0.5982   0.5852   0.2515  -0.0735   0.2920
 12.25  1.51013E-01  1.66152E-01  -0.1707   8.9684  12.7116  -0.5691   0.5679   0.2462  -0.0732   0.2973
 12.30  1.48638E-01  1.60135E-01  -0.1427   8.9648  12.7151  -0.5425   0.5519   0.2415  -0.0731   0.3025
 12.35  1.46106E-01  1.54403E-01  -0.1155   8.9611  12.7193  -0.5186   0.5382   0.2371  -0.0727   0.3064
 12.40  1.43353E-01  1.48985E-01  -0.0889   8.9575  12.7245  -0.4978   0.5271   0.2326  -0.0718   0.3085
 12.45  1.40313E-01  1.43932E-01  -0.0627   8.9540  12.7308  -0.4797   0.5183   0.2279  -0.0704   0.3088
 12.50  1.36924E-01  1.39294E-01  -0.0370   8.9505  12.7385  -0.4639   0.5104   0.2232  -0.0688   0.3083
 4.42  41
 10.50  2.70119E-02  7.04326E-01  -1.8663   9.1364  12.8697  -1.4076   1.0360   0.4292  -0.0857   0.1997
 10.55  3.02033E-02  7.03433E-01  -1.8145   9.1322  12.8650  -1.3976   1.0370   0.4261  -0.0857   0.2011
 10.60  3.36810E-02  7.01619E-01  -1.7626   9.1279  12.8604  -1.3848   1.0383   0.4229  -0.0856   0.2025
 10.65  3.74555E-02  6.98794E-01  -1.7107   9.1236  12.8559  -1.3707   1.0397   0.4197  -0.0856   0.2040
 10.70  4.15416E-02  6.94907E-01  -1.6587   9.1193  12.8515  -1.3559   1.0408   0.4167  -0.0857   0.2055
 10.75  4.59567E-02  6.89927E-01  -1.6066   9.1150  12.8472  -1.3411   1.0416   0.4139  -0.0858   0.2072
 10.80  5.07180E-02  6.83824E-01  -1.5545   9.1107  12.8430  -1.3268   1.0420   0.4112  -0.0859   0.2090
 10.85  5.58428E-02  6.76565E-01  -1.5024   9.1064  12.8388  -1.3125   1.0420   0.4087  -0.0862   0.2109
 10.90  6.13280E-02  6.68073E-01  -1.4503   9.1021  12.8347  -1.2969   1.0419   0.4064  -0.0864   0.2126
 10.95  6.70766E-02  6.58052E-01  -1.3982   9.0978  12.8306  -1.2788   1.0418   0.4042  -0.0863   0.2135
 11.00  7.29645E-02  6.46145E-01  -1.3461   9.0935  12.8268  -1.2573   1.0417   0.4022  -0.0859   0.2137
 11.05  7.88678E-02  6.31993E-01  -1.2940   9.0892  12.8231  -1.2320   1.0416   0.4003  -0.0853   0.2132
 11.10  8.46623E-02  6.15241E-01  -1.2420   9.0850  12.8198  -1.2061   1.0416   0.3980  -0.0845   0.2123
 11.15  9.02326E-02  5.95744E-01  -1.1899   9.0808  12.8168  -1.1839   1.0424   0.3948  -0.0838   0.2121
 11.20  9.54844E-02  5.73900E-01  -1.1377   9.0766  12.8141  -1.1713   1.0447   0.3895  -0.0835   0.2143
 11.25  1.00327E-01  5.50193E-01  -1.0854   9.0724  12.8115  -1.1722   1.0484   0.3816  -0.0836   0.2191
 11.30  1.04668E-01  5.25107E-01  -1.0328   9.0682  12.8090  -1.1695   1.0536   0.3710  -0.0842   0.2269
 11.35  1.08421E-01  4.99123E-01  -0.9802   9.0640  12.8065  -1.1647   1.0487   0.3587  -0.0842   0.2348
 11.40  1.11571E-01  4.72731E-01  -0.9281   9.0598  12.8040  -1.1567   1.0354   0.3459  -0.0840   0.2429
 11.45  1.14216E-01  4.46422E-01  -0.8766   9.0556  12.8014  -1.1458   1.0219   0.3338  -0.0841   0.2520
 11.50  1.16457E-01  4.20692E-01  -0.8260   9.0514  12.7988  -1.1340   1.0041   0.3237  -0.0842   0.2600
 11.55  1.18397E-01  3.96033E-01  -0.7763   9.0472  12.7961  -1.1201   0.9841   0.3164  -0.0843   0.2665
 11.60  1.20135E-01  3.72928E-01  -0.7276   9.0430  12.7933  -1.1000   0.9619   0.3117  -0.0845   0.2711
 11.65  1.21688E-01  3.51521E-01  -0.6801   9.0387  12.7905  -1.0692   0.9380   0.3090  -0.0847   0.2742
 11.70  1.22979E-01  3.31584E-01  -0.6338   9.0345  12.7876  -1.0300   0.9128   0.3069  -0.0850   0.2769
 11.75  1.23925E-01  3.12873E-01  -0.5888   9.0302  12.7848  -0.9853   0.8867   0.3039  -0.0852   0.2805
 11.80  1.24500E-01  2.95257E-01  -0.5452   9.0260  12.7820  -0.9758   0.8592   0.2926  -0.0854   0.2918
 11.85  1.24779E-01  2.78823E-01  -0.5029   9.0217  12.7792  -0.9534   0.8303   0.2872  -0.0854   0.2975
 11.90  1.24839E-01  2.63658E-01  -0.4622   9.0174  12.7765  -0.9131   0.8010   0.2839  -0.0853   0.3005
 11.95  1.24710E-01  2.49716E-01  -0.4228   9.0132  12.7738  -0.8721   0.7720   0.2804  -0.0850   0.3032
 12.00  1.24407E-01  2.36907E-01  -0.3849   9.0089  12.7714  -0.8259   0.7437   0.2766  -0.0846   0.3060
 12.05  1.23946E-01  2.25144E-01  -0.3484   9.0047  12.7694  -0.7774   0.7165   0.2725  -0.0841   0.3088
 12.10  1.23343E-01  2.14352E-01  -0.3133   9.0005  12.7680  -0.7295   0.6911   0.2685  -0.0834   0.3108
 12.15  1.22628E-01  2.04502E-01  -0.2793   8.9964  12.7673  -0.6833   0.6682   0.2644  -0.0824   0.3116
 12.20  1.21832E-01  1.95577E-01  -0.2464   8.9923  12.7672  -0.6391   0.6472   0.2602  -0.0811   0.3117
 12.25  1.20961E-01  1.87518E-01  -0.2146   8.9882  12.7678  -0.5966   0.6278   0.2558  -0.0800   0.3126
 12.30  1.19956E-01  1.80138E-01  -0.1836   8.9843  12.7692  -0.5558   0.6094   0.2513  -0.0792   0.3153
 12.35  1.18744E-01  1.73231E-01  -0.1536   8.9803  12.7714  -0.5166   0.5922   0.2467  -0.0788   0.3196
 12.40  1.17258E-01  1.66620E-01  -0.1244   8.9764  12.7744  -0.4790   0.5766   0.2422  -0.0784   0.3236
 12.45  1.15452E-01  1.60308E-01  -0.0959   8.9725  12.7784  -0.4432   0.5639   0.2377  -0.0772   0.3249
 12.50  1.13286E-01  1.54359E-01  -0.0680   8.9687  12.7836  -0.4093   0.5522   0.2333  -0.0758   0.3250
 4.50  41
 10.50  1.09136E-02  5.62048E-01  -1.9828   9.1716  13.0018  -1.5036   1.0537   0.4434  -0.0928   0.2093
 10.55  1.23731E-02  5.65027E-01  -1.9300   9.1669  12.9957  -1.4898   1.0576   0.4381  -0.0932   0.2128
 10.60  1.39899E-02  5.67360E-01  -1.8771   9.1622  12.9897  -1.4774   1.0609   0.4329  -0.0935   0.2161
 10.65  1.57709E-02  5.68975E-01  -1.8240   9.1576  12.9837  -1.4658   1.0634   0.4275  -0.0936   0.2189
 10.70  1.77229E-02  5.69798E-01  -1.7707   9.1529  12.9778  -1.4541   1.0660   0.4221  -0.0937   0.2220
 10.75  1.98526E-02  5.69753E-01  -1.7174   9.1482  12.9719  -1.4414   1.0680   0.4164  -0.0937   0.2250
 10.80  2.21620E-02  5.68745E-01  -1.6639   9.1435  12.9662  -1.4270   1.0690   0.4105  -0.0936   0.2281
 10.85  2.46500E-02  5.66662E-01  -1.6105   9.1388  12.9606  -1.4107   1.0689   0.4044  -0.0934   0.2310
 10.90  2.73153E-02  5.63390E-01  -1.5571   9.1342  12.9551  -1.3934   1.0675   0.3983  -0.0932   0.2339
 10.95  3.01564E-02  5.58818E-01  -1.5037   9.1295  12.9497  -1.3767   1.0650   0.3923  -0.0928   0.2365
 11.00  3.31669E-02  5.52836E-01  -1.4506   9.1249  12.9444  -1.3624   1.0621   0.3863  -0.0924   0.2392
 11.05  3.63142E-02  5.45345E-01  -1.3975   9.1203  12.9392  -1.3514   1.0595   0.3806  -0.0923   0.2424
 11.10  3.95576E-02  5.36252E-01  -1.3446   9.1157  12.9341  -1.3435   1.0573   0.3750  -0.0923   0.2462
 11.15  4.28566E-02  5.25462E-01  -1.2918   9.1110  12.9291  -1.3379   1.0555   0.3694  -0.0926   0.2505
 11.20  4.61705E-02  5.12881E-01  -1.2391   9.1064  12.9240  -1.3332   1.0540   0.3643  -0.0930   0.2552
 11.25  4.94600E-02  4.98535E-01  -1.1864   9.1017  12.9189  -1.3289   1.0528   0.3598  -0.0936   0.2601
 11.30  5.26883E-02  4.82711E-01  -1.1338   9.0971  12.9137  -1.3300   1.0515   0.3560  -0.0943   0.2648
 11.35  5.58189E-02  4.65729E-01  -1.0812   9.0923  12.9085  -1.3348   1.0505   0.3525  -0.0951   0.2698
 11.40  5.88154E-02  4.47910E-01  -1.0287   9.0875  12.9031  -1.3358   1.0492   0.3486  -0.0960   0.2755
 11.45  6.16427E-02  4.29575E-01  -0.9764   9.0827  12.8975  -1.3318   1.0424   0.3439  -0.0968   0.2813
 11.50  6.43072E-02  4.11051E-01  -0.9246   9.0779  12.8918  -1.3210   1.0305   0.3381  -0.0969   0.2867
 11.55  6.68622E-02  3.92670E-01  -0.8734   9.0730  12.8860  -1.3029   1.0162   0.3310  -0.0966   0.2919
 11.60  6.93635E-02  3.74766E-01  -0.8230   9.0682  12.8804  -1.2820   0.9985   0.3234  -0.0958   0.2962
 11.65  7.18668E-02  3.57672E-01  -0.7736   9.0635  12.8749  -1.2595   0.9784   0.3155  -0.0945   0.2996
 11.70  7.44247E-02  3.41705E-01  -0.7252   9.0588  12.8698  -1.2354   0.9565   0.3080  -0.0930   0.3021
 11.75  7.70182E-02  3.26875E-01  -0.6779   9.0542  12.8649  -1.2094   0.9340   0.3015  -0.0920   0.3050
 11.80  7.95596E-02  3.12892E-01  -0.6318   9.0496  12.8603  -1.1707   0.9113   0.2978  -0.0915   0.3071
 11.85  8.19588E-02  2.99457E-01  -0.5868   9.0450  12.8559  -1.1316   0.8885   0.2934  -0.0913   0.3112
 11.90  8.41567E-02  2.86419E-01  -0.5430   9.0404  12.8517  -1.0936   0.8649   0.2891  -0.0909   0.3146
 11.95  8.61464E-02  2.73886E-01  -0.5003   9.0359  12.8478  -1.0526   0.8403   0.2857  -0.0901   0.3154
 12.00  8.79251E-02  2.61961E-01  -0.4590   9.0314  12.8441  -1.0100   0.8153   0.2831  -0.0892   0.3150
 12.05  8.94838E-02  2.50639E-01  -0.4188   9.0270  12.8407  -0.9660   0.7904   0.2809  -0.0884   0.3149
 12.10  9.08117E-02  2.39884E-01  -0.3799   9.0226  12.8377  -0.9203   0.7658   0.2786  -0.0879   0.3155
 12.15  9.18984E-02  2.29663E-01  -0.3422   9.0182  12.8352  -0.8739   0.7417   0.2761  -0.0875   0.3170
 12.20  9.27332E-02  2.19941E-01  -0.3057   9.0138  12.8331  -0.8273   0.7184   0.2732  -0.0873   0.3195
 12.25  9.33055E-02  2.10683E-01  -0.2704   9.0095  12.8316  -0.7813   0.6959   0.2699  -0.0872   0.3231
 12.30  9.36046E-02  2.01855E-01  -0.2361   9.0051  12.8307  -0.7363   0.6745   0.2663  -0.0871   0.3270
 12.35  9.36133E-02  1.93442E-01  -0.2029   9.0008  12.8305  -0.6922   0.6553   0.2628  -0.0866   0.3295
 12.40  9.33061E-02  1.85455E-01  -0.1706   8.9965  12.8311  -0.6492   0.6382   0.2595  -0.0856   0.3300
 12.45  9.26570E-02  1.77907E-01  -0.1390   8.9922  12.8327  -0.6079   0.6231   0.2562  -0.0842   0.3287
 12.50  9.16401E-02  1.70809E-01  -0.1082   8.9880  12.8355  -0.5690   0.6088   0.2525  -0.0826   0.3273
 4.58  41
 10.50  4.13632E-03  4.24785E-01  -2.1059   9.2065  13.1264  -1.5637   1.0760   0.4223  -0.1005   0.2380
 10.55  4.79126E-03  4.30340E-01  -2.0521   9.2014  13.1193  -1.5547   1.0760   0.4190  -0.1004   0.2397
 10.60  5.53453E-03  4.35522E-01  -1.9983   9.1964  13.1123  -1.5449   1.0759   0.4157  -0.1003   0.2414
 10.65  6.37399E-03  4.40271E-01  -1.9445   9.1914  13.1052  -1.5362   1.0763   0.4125  -0.1004   0.2434
 10.70  7.31479E-03  4.44542E-01  -1.8907   9.1864  13.0982  -1.5291   1.0777   0.4096  -0.1006   0.2457
 10.75  8.36145E-03  4.48294E-01  -1.8368   9.1813  13.0912  -1.5243   1.0802   0.4069  -0.1010   0.2483
 10.80  9.51848E-03  4.51486E-01  -1.7827   9.1763  13.0842  -1.5210   1.0839   0.4042  -0.1016   0.2514
 10.85  1.07903E-02  4.54075E-01  -1.7284   9.1712  13.0771  -1.5177   1.0883   0.4012  -0.1023   0.2550
 10.90  1.21777E-02  4.55988E-01  -1.6739   9.1660  13.0699  -1.5127   1.0911   0.3975  -0.1027   0.2585
 10.95  1.36764E-02  4.57108E-01  -1.6193   9.1609  13.0628  -1.5046   1.0913   0.3930  -0.1028   0.2615
 11.00  1.52822E-02  4.57316E-01  -1.5648   9.1558  13.0557  -1.4923   1.0891   0.3876  -0.1025   0.2644
 11.05  1.69904E-02  4.56491E-01  -1.5104   9.1507  13.0487  -1.4767   1.0844   0.3817  -0.1018   0.2667
 11.10  1.87962E-02  4.54521E-01  -1.4564   9.1456  13.0419  -1.4595   1.0782   0.3757  -0.1010   0.2687
 11.15  2.06907E-02  4.51340E-01  -1.4026   9.1406  13.0352  -1.4423   1.0717   0.3699  -0.1003   0.2713
 11.20  2.26634E-02  4.46904E-01  -1.3492   9.1356  13.0286  -1.4267   1.0652   0.3646  -0.1000   0.2742
 11.25  2.47036E-02  4.41168E-01  -1.2961   9.1306  13.0220  -1.4140   1.0586   0.3599  -0.0999   0.2775
 11.30  2.68009E-02  4.34088E-01  -1.2433   9.1256  13.0154  -1.4037   1.0520   0.3557  -0.0999   0.2810
 11.35  2.89446E-02  4.25676E-01  -1.1909   9.1206  13.0088  -1.3969   1.0465   0.3522  -0.1003   0.2849
 11.40  3.11242E-02  4.16107E-01  -1.1386   9.1155  13.0020  -1.3954   1.0430   0.3495  -0.1011   0.2893
 11.45  3.33291E-02  4.05581E-01  -1.0865   9.1104  12.9951  -1.3981   1.0413   0.3474  -0.1022   0.2941
 11.50  3.55487E-02  3.94297E-01  -1.0345   9.1053  12.9881  -1.4004   1.0418   0.3457  -0.1037   0.2999
 11.55  3.77725E-02  3.82458E-01  -0.9824   9.1001  12.9809  -1.3998   1.0371   0.3437  -0.1046   0.3044
 11.60  3.99964E-02  3.70255E-01  -0.9309   9.0949  12.9735  -1.3937   1.0269   0.3410  -0.1049   0.3075
 11.65  4.22253E-02  3.57874E-01  -0.8798   9.0896  12.9660  -1.3801   1.0160   0.3372  -0.1049   0.3110
 11.70  4.44654E-02  3.45497E-01  -0.8293   9.0844  12.9585  -1.3587   1.0019   0.3321  -0.1044   0.3144
 11.75  4.67225E-02  3.33306E-01  -0.7796   9.0792  12.9512  -1.3306   0.9858   0.3257  -0.1036   0.3179
 11.80  4.90024E-02  3.21483E-01  -0.7308   9.0740  12.9441  -1.3005   0.9679   0.3184  -0.1023   0.3214
 11.85  5.13055E-02  3.10124E-01  -0.6828   9.0689  12.9373  -1.2663   0.9485   0.3115  -0.1007   0.3234
 11.90  5.36253E-02  2.99212E-01  -0.6359   9.0640  12.9310  -1.2284   0.9280   0.3050  -0.0988   0.3238
 11.95  5.59544E-02  2.88726E-01  -0.5901   9.0591  12.9254  -1.1881   0.9067   0.2987  -0.0966   0.3233
 12.00  5.82696E-02  2.78613E-01  -0.5453   9.0543  12.9204  -1.1456   0.8847   0.2926  -0.0948   0.3241
 12.05  6.05140E-02  2.68765E-01  -0.5016   9.0496  12.9159  -1.1015   0.8620   0.2868  -0.0939   0.3274
 12.10  6.26316E-02  2.59086E-01  -0.4591   9.0449  12.9116  -1.0562   0.8392   0.2816  -0.0932   0.3312
 12.15  6.45901E-02  2.49577E-01  -0.4177   9.0402  12.9077  -1.0101   0.8165   0.2771  -0.0925   0.3340
 12.20  6.63637E-02  2.40265E-01  -0.3774   9.0356  12.9043  -0.9634   0.7942   0.2734  -0.0918   0.3356
 12.25  6.79268E-02  2.31177E-01  -0.3382   9.0311  12.9014  -0.9162   0.7724   0.2707  -0.0910   0.3360
 12.30  6.92536E-02  2.22340E-01  -0.3001   9.0265  12.8992  -0.8687   0.7512   0.2689  -0.0901   0.3352
 12.35  7.03185E-02  2.13783E-01  -0.2631   9.0221  12.8978  -0.8214   0.7307   0.2676  -0.0893   0.3337
 12.40  7.10953E-02  2.05529E-01  -0.2271   9.0176  12.8973  -0.7749   0.7109   0.2662  -0.0885   0.3325
 12.45  7.15521E-02  1.97564E-01  -0.1920   9.0132  12.8978  -0.7297   0.6918   0.2643  -0.0880   0.3330
 12.50  7.16528E-02  1.89843E-01  -0.1579   9.0088  12.8990  -0.6862   0.6731   0.2621  -0.0877   0.3346
 4.66  41
 10.50  1.41104E-03  3.16904E-01  -2.2302   9.2382  13.2347  -1.5195   1.0778   0.3677  -0.1022   0.2781
 10.55  1.68215E-03  3.22780E-01  -2.1762   9.2331  13.2276  -1.5219   1.0840   0.3684  -0.1030   0.2795
 10.60  1.99817E-03  3.28606E-01  -2.1219   9.2280  13.2205  -1.5228   1.0875   0.3685  -0.1033   0.2804
 10.65  2.36584E-03  3.34342E-01  -2.0675   9.2228  13.2133  -1.5223   1.0872   0.3683  -0.1032   0.2801
 10.70  2.79185E-03  3.39946E-01  -2.0132   9.2176  13.2062  -1.5212   1.0858   0.3679  -0.1028   0.2795
 10.75  3.28281E-03  3.45377E-01  -1.9589   9.2125  13.1992  -1.5201   1.0838   0.3676  -0.1025   0.2789
 10.80  3.84430E-03  3.50580E-01  -1.9048   9.2074  13.1923  -1.5200   1.0833   0.3676  -0.1026   0.2792
 10.85  4.48140E-03  3.55497E-01  -1.8506   9.2022  13.1853  -1.5218   1.0847   0.3682  -0.1032   0.2803
 10.90  5.19919E-03  3.60068E-01  -1.7963   9.1971  13.1781  -1.5255   1.0879   0.3694  -0.1043   0.2824
 10.95  6.00273E-03  3.64232E-01  -1.7417   9.1918  13.1708  -1.5301   1.0927   0.3707  -0.1059   0.2856
 11.00  6.89471E-03  3.67933E-01  -1.6870   9.1865  13.1632  -1.5344   1.0971   0.3717  -0.1073   0.2888
 11.05  7.87171E-03  3.71118E-01  -1.6321   9.1811  13.1554  -1.5370   1.0993   0.3721  -0.1083   0.2910
 11.10  8.92937E-03  3.73734E-01  -1.5771   9.1756  13.1475  -1.5366   1.0993   0.3714  -0.1087   0.2926
 11.15  1.00633E-02  3.75731E-01  -1.5222   9.1702  13.1396  -1.5324   1.0971   0.3696  -0.1085   0.2936
 11.20  1.12691E-02  3.77052E-01  -1.4674   9.1648  13.1318  -1.5238   1.0928   0.3669  -0.1080   0.2943
 11.25  1.25409E-02  3.77600E-01  -1.4129   9.1594  13.1240  -1.5105   1.0867   0.3634  -0.1073   0.2954
 11.30  1.38720E-02  3.77240E-01  -1.3588   9.1541  13.1164  -1.4926   1.0789   0.3592  -0.1067   0.2970
 11.35  1.52558E-02  3.75837E-01  -1.3051   9.1487  13.1088  -1.4712   1.0695   0.3548  -0.1061   0.2990
 11.40  1.66853E-02  3.73259E-01  -1.2518   9.1435  13.1013  -1.4491   1.0587   0.3505  -0.1054   0.3008
 11.45  1.81560E-02  3.69418E-01  -1.1992   9.1382  13.0938  -1.4299   1.0484   0.3469  -0.1051   0.3028
 11.50  1.96722E-02  3.64449E-01  -1.1470   9.1329  13.0864  -1.4168   1.0406   0.3444  -0.1052   0.3053
 11.55  2.12410E-02  3.58544E-01  -1.0951   9.1277  13.0789  -1.4112   1.0349   0.3434  -0.1057   0.3079
 11.60  2.28695E-02  3.51896E-01  -1.0434   9.1224  13.0712  -1.4086   1.0318   0.3430  -0.1068   0.3113
 11.65  2.45646E-02  3.44700E-01  -0.9919   9.1170  13.0633  -1.4069   1.0294   0.3430  -0.1082   0.3154
 11.70  2.63287E-02  3.37116E-01  -0.9405   9.1115  13.0552  -1.4040   1.0254   0.3429  -0.1094   0.3191
 11.75  2.81523E-02  3.29221E-01  -0.8894   9.1061  13.0469  -1.3977   1.0189   0.3422  -0.1101   0.3218
 11.80  3.00242E-02  3.21082E-01  -0.8387   9.1005  13.0386  -1.3845   1.0097   0.3404  -0.1103   0.3239
 11.85  3.19329E-02  3.12765E-01  -0.7885   9.0950  13.0303  -1.3651   0.9981   0.3373  -0.1100   0.3261
 11.90  3.38673E-02  3.04334E-01  -0.7389   9.0896  13.0221  -1.3400   0.9845   0.3329  -0.1093   0.3283
 11.95  3.58169E-02  2.95851E-01  -0.6901   9.0841  13.0142  -1.3093   0.9687   0.3272  -0.1082   0.3306
 12.00  3.77726E-02  2.87369E-01  -0.6421   9.0787  13.0066  -1.2738   0.9512   0.3206  -0.1068   0.3331
 12.05  3.97258E-02  2.78938E-01  -0.5950   9.0734  12.9994  -1.2338   0.9321   0.3136  -0.1052   0.3354
 12.10  4.16645E-02  2.70592E-01  -0.5489   9.0682  12.9928  -1.1904   0.9118   0.3066  -0.1033   0.3369
 12.15  4.35674E-02  2.62308E-01  -0.5038   9.0631  12.9869  -1.1449   0.8904   0.2998  -0.1013   0.3377
 12.20  4.54118E-02  2.54064E-01  -0.4598   9.0581  12.9816  -1.0983   0.8684   0.2933  -0.0991   0.3380
 12.25  4.71778E-02  2.45887E-01  -0.4170   9.0532  12.9771  -1.0514   0.8462   0.2871  -0.0970   0.3379
 12.30  4.88451E-02  2.37820E-01  -0.3752   9.0484  12.9734  -1.0049   0.8243   0.2814  -0.0951   0.3381
 12.35  5.03738E-02  2.29855E-01  -0.3345   9.0437  12.9705  -0.9589   0.8031   0.2761  -0.0938   0.3398
 12.40  5.17094E-02  2.21945E-01  -0.2949   9.0390  12.9684  -0.9135   0.7829   0.2713  -0.0931   0.3432
 12.45  5.28012E-02  2.14068E-01  -0.2562   9.0344  12.9670  -0.8685   0.7632   0.2671  -0.0925   0.3464
 12.50  5.36136E-02  2.06263E-01  -0.2186   9.0298  12.9663  -0.8240   0.7436   0.2635  -0.0918   0.3483
 4.74  41
 10.50  4.24111E-04  2.43520E-01  -2.3471   9.2651  13.3234  -1.4035   1.0707   0.3069  -0.0984   0.3207
 10.55  5.23698E-04  2.48859E-01  -2.2935   9.2602  13.3174  -1.4103   1.0732   0.3102  -0.0995   0.3207
 10.60  6.42325E-04  2.54000E-01  -2.2398   9.2552  13.3112  -1.4194   1.0757   0.3135  -0.1006   0.3208
 10.65  7.82959E-04  2.58962E-01  -2.1860   9.2501  13.3048  -1.4285   1.0780   0.3163  -0.1014   0.3207
 10.70  9.50173E-04  2.63810E-01  -2.1320   9.2450  13.2982  -1.4366   1.0798   0.3185  -0.1019   0.3200
 10.75  1.14877E-03  2.68618E-01  -2.0780   9.2399  13.2915  -1.4426   1.0811   0.3202  -0.1021   0.3188
 10.80  1.38354E-03  2.73458E-01  -2.0239   9.2348  13.2849  -1.4469   1.0820   0.3214  -0.1018   0.3168
 10.85  1.65935E-03  2.78400E-01  -1.9698   9.2298  13.2784  -1.4504   1.0825   0.3226  -0.1014   0.3143
 10.90  1.98194E-03  2.83417E-01  -1.9157   9.2247  13.2720  -1.4539   1.0830   0.3240  -0.1013   0.3126
 10.95  2.35787E-03  2.88405E-01  -1.8615   9.2196  13.2656  -1.4588   1.0837   0.3259  -0.1016   0.3119
 11.00  2.79370E-03  2.93257E-01  -1.8073   9.2145  13.2592  -1.4659   1.0846   0.3284  -0.1024   0.3118
 11.05  3.29600E-03  2.97865E-01  -1.7531   9.2094  13.2526  -1.4746   1.0856   0.3314  -0.1037   0.3128
 11.10  3.87018E-03  3.02142E-01  -1.6988   9.2041  13.2458  -1.4842   1.0870   0.3346  -0.1051   0.3142
 11.15  4.51623E-03  3.06096E-01  -1.6444   9.1989  13.2387  -1.4939   1.0891   0.3377  -0.1066   0.3157
 11.20  5.23252E-03  3.09766E-01  -1.5898   9.1935  13.2314  -1.5027   1.0918   0.3404  -0.1080   0.3173
 11.25  6.01742E-03  3.13189E-01  -1.5352   9.1881  13.2238  -1.5094   1.0955   0.3427  -0.1094   0.3193
 11.30  6.86925E-03  3.16400E-01  -1.4803   9.1825  13.2160  -1.5122   1.0992   0.3442  -0.1108   0.3217
 11.35  7.78326E-03  3.19327E-01  -1.4253   9.1770  13.2080  -1.5092   1.0996   0.3447  -0.1116   0.3236
 11.40  8.75030E-03  3.21744E-01  -1.3704   9.1714  13.1999  -1.4995   1.0949   0.3441  -0.1116   0.3244
 11.45  9.76088E-03  3.23414E-01  -1.3159   9.1658  13.1918  -1.4828   1.0856   0.3422  -0.1110   0.3244
 11.50  1.08055E-02  3.24096E-01  -1.2619   9.1603  13.1838  -1.4619   1.0719   0.3396  -0.1097   0.3230
 11.55  1.18764E-02  3.23586E-01  -1.2087   9.1549  13.1760  -1.4405   1.0568   0.3371  -0.1083   0.3212
 11.60  1.29792E-02  3.21937E-01  -1.1562   9.1495  13.1684  -1.4225   1.0443   0.3353  -0.1075   0.3206
 11.65  1.41262E-02  3.19328E-01  -1.1042   9.1441  13.1608  -1.4098   1.0349   0.3346  -0.1074   0.3210
 11.70  1.53294E-02  3.15936E-01  -1.0527   9.1387  13.1531  -1.4018   1.0275   0.3349  -0.1079   0.3221
 11.75  1.66013E-02  3.11940E-01  -1.0014   9.1333  13.1453  -1.3965   1.0243   0.3358  -0.1092   0.3252
 11.80  1.79503E-02  3.07496E-01  -0.9502   9.1278  13.1372  -1.3914   1.0229   0.3366  -0.1109   0.3295
 11.85  1.93703E-02  3.02656E-01  -0.8992   9.1222  13.1289  -1.3849   1.0194   0.3372  -0.1122   0.3327
 11.90  2.08508E-02  2.97447E-01  -0.8483   9.1166  13.1205  -1.3759   1.0143   0.3374  -0.1131   0.3351
 11.95  2.23812E-02  2.91894E-01  -0.7977   9.1109  13.1119  -1.3631   1.0077   0.3369  -0.1136   0.3371
 12.00  2.39512E-02  2.86022E-01  -0.7476   9.1052  13.1034  -1.3456   0.9995   0.3355  -0.1137   0.3388
 12.05  2.55521E-02  2.79879E-01  -0.6978   9.0996  13.0950  -1.3225   0.9890   0.3331  -0.1134   0.3405
 12.10  2.71819E-02  2.73581E-01  -0.6487   9.0939  13.0868  -1.2941   0.9753   0.3296  -0.1127   0.3420
 12.15  2.88400E-02  2.67262E-01  -0.6003   9.0883  13.0789  -1.2608   0.9590   0.3251  -0.1117   0.3435
 12.20  3.05164E-02  2.60996E-01  -0.5528   9.0827  13.0714  -1.2228   0.9406   0.3196  -0.1102   0.3449
 12.25  3.21632E-02  2.54608E-01  -0.5063   9.0773  13.0644  -1.1809   0.9207   0.3134  -0.1084   0.3458
 12.30  3.37277E-02  2.47897E-01  -0.4608   9.0719  13.0580  -1.1361   0.8998   0.3066  -0.1063   0.3467
 12.35  3.51872E-02  2.40886E-01  -0.4163   9.0666  13.0523  -1.0894   0.8784   0.2998  -0.1043   0.3480
 12.40  3.65306E-02  2.33676E-01  -0.3730   9.0615  13.0474  -1.0423   0.8568   0.2932  -0.1024   0.3491
 12.45  3.77461E-02  2.26371E-01  -0.3307   9.0564  13.0433  -0.9957   0.8355   0.2873  -0.1005   0.3497
 12.50  3.88102E-02  2.19032E-01  -0.2894   9.0514  13.0402  -0.9500   0.8145   0.2819  -0.0986   0.3496
 4.82  41
 10.50  1.13159E-04  1.92492E-01  -2.4548   9.2875  13.3971  -1.2870   1.0604   0.2515  -0.0917   0.3645
 10.55  1.44650E-04  1.97614E-01  -2.4017   9.2829  13.3926  -1.2945   1.0617   0.2566  -0.0928   0.3617
 10.60  1.84054E-04  2.02644E-01  -2.3486   9.2782  13.3878  -1.3021   1.0627   0.2619  -0.0940   0.3588
 10.65  2.32896E-04  2.07521E-01  -2.2954   9.2735  13.3829  -1.3118   1.0635   0.2673  -0.0951   0.3557
 10.70  2.92700E-04  2.12187E-01  -2.2422   9.2687  13.3777  -1.3233   1.0647   0.2726  -0.0962   0.3529
 10.75  3.65285E-04  2.16614E-01  -2.1890   9.2639  13.3723  -1.3360   1.0664   0.2773  -0.0973   0.3509
 10.80  4.53238E-04  2.20868E-01  -2.1356   9.2590  13.3666  -1.3487   1.0685   0.2810  -0.0984   0.3503
 10.85  5.59265E-04  2.25025E-01  -2.0821   9.2540  13.3608  -1.3600   1.0706   0.2831  -0.0994   0.3513
 10.90  6.86073E-04  2.29162E-01  -2.0285   9.2490  13.3548  -1.3694   1.0726   0.2837  -0.1002   0.3533
 10.95  8.36421E-04  2.33354E-01  -1.9749   9.2440  13.3486  -1.3765   1.0743   0.2834  -0.1008   0.3557
 11.00  1.01444E-03  2.37608E-01  -1.9211   9.2390  13.3423  -1.3815   1.0758   0.2828  -0.1011   0.3575
 11.05  1.22575E-03  2.41857E-01  -1.8673   9.2339  13.3359  -1.3855   1.0766   0.2830  -0.1013   0.3578
 11.10  1.47607E-03  2.46029E-01  -1.8135   9.2288  13.3297  -1.3905   1.0762   0.2847  -0.1012   0.3554
 11.15  1.77111E-03  2.50052E-01  -1.7597   9.2238  13.3236  -1.3989   1.0745   0.2883  -0.1009   0.3499
 11.20  2.11640E-03  2.53871E-01  -1.7060   9.2187  13.3178  -1.4137   1.0715   0.2943  -0.1004   0.3411
 11.25  2.51646E-03  2.57542E-01  -1.6525   9.2137  13.3120  -1.4365   1.0701   0.3025  -0.1004   0.3317
 11.30  2.97534E-03  2.61168E-01  -1.5990   9.2087  13.3063  -1.4658   1.0727   0.3122  -0.1015   0.3250
 11.35  3.49708E-03  2.64853E-01  -1.5452   9.2036  13.3002  -1.4964   1.0794   0.3219  -0.1037   0.3223
 11.40  4.08574E-03  2.68700E-01  -1.4910   9.1983  13.2936  -1.5191   1.0903   0.3296  -0.1071   0.3251
 11.45  4.74128E-03  2.72706E-01  -1.4362   9.1929  13.2865  -1.5261   1.0996   0.3338  -0.1104   0.3307
 11.50  5.45361E-03  2.76617E-01  -1.3811   9.1873  13.2789  -1.5164   1.1014   0.3346  -0.1122   0.3354
 11.55  6.21117E-03  2.80138E-01  -1.3262   9.1817  13.2712  -1.4918   1.0958   0.3323  -0.1126   0.3387
 11.60  7.00237E-03  2.82974E-01  -1.2717   9.1760  13.2633  -1.4600   1.0828   0.3288  -0.1115   0.3390
 11.65  7.81632E-03  2.84843E-01  -1.2179   9.1705  13.2556  -1.4295   1.0672   0.3257  -0.1099   0.3375
 11.70  8.65232E-03  2.85671E-01  -1.1649   9.1650  13.2481  -1.4033   1.0537   0.3237  -0.1090   0.3366
 11.75  9.51757E-03  2.85542E-01  -1.1125   9.1596  13.2407  -1.3830   1.0424   0.3230  -0.1086   0.3361
 11.80  1.04194E-02  2.84543E-01  -1.0606   9.1542  13.2333  -1.3731   1.0332   0.3243  -0.1087   0.3353
 11.85  1.13653E-02  2.82763E-01  -1.0092   9.1487  13.2259  -1.3708   1.0259   0.3272  -0.1093   0.3342
 11.90  1.23623E-02  2.80293E-01  -0.9580   9.1432  13.2183  -1.3732   1.0202   0.3308  -0.1102   0.3332
 11.95  1.34158E-02  2.77246E-01  -0.9071   9.1377  13.2105  -1.3775   1.0161   0.3346  -0.1114   0.3329
 12.00  1.45302E-02  2.73744E-01  -0.8564   9.1321  13.2026  -1.3808   1.0136   0.3380  -0.1129   0.3339
 12.05  1.57101E-02  2.69910E-01  -0.8057   9.1264  13.1945  -1.3805   1.0110   0.3404  -0.1143   0.3357
 12.10  1.69600E-02  2.65867E-01  -0.7553   9.1207  13.1863  -1.3744   1.0067   0.3416  -0.1153   0.3376
 12.15  1.82806E-02  2.61717E-01  -0.7051   9.1149  13.1780  -1.3609   1.0007   0.3414  -0.1160   0.3397
 12.20  1.96513E-02  2.57451E-01  -0.6553   9.1091  13.1696  -1.3389   0.9929   0.3400  -0.1163   0.3421
 12.25  2.10441E-02  2.53022E-01  -0.6059   9.1033  13.1614  -1.3081   0.9827   0.3370  -0.1161   0.3447
 12.30  2.24327E-02  2.48388E-01  -0.5570   9.0975  13.1535  -1.2697   0.9693   0.3326  -0.1154   0.3471
 12.35  2.38004E-02  2.43530E-01  -0.5090   9.0917  13.1461  -1.2257   0.9526   0.3271  -0.1141   0.3489
 12.40  2.51313E-02  2.38435E-01  -0.4618   9.0861  13.1391  -1.1785   0.9326   0.3209  -0.1123   0.3499
 12.45  2.63934E-02  2.33041E-01  -0.4157   9.0805  13.1327  -1.1304   0.9111   0.3144  -0.1102   0.3504
 12.50  2.75474E-02  2.27269E-01  -0.3707   9.0751  13.1271  -1.0821   0.8897   0.3077  -0.1081   0.3514
