 3.54  51
 11.60  9.67618E-01  0.00000E+00  -0.3739   8.7922  11.8949   0.4428   0.4558   0.5487  -0.0623   0.1136
 11.65  9.41344E-01  0.00000E+00  -0.3511   8.7891  11.9310   0.4194   0.4558   0.5380  -0.0623   0.1158
 11.70  9.15071E-01  0.00000E+00  -0.3283   8.7859  11.9664   0.3960   0.4558   0.5273  -0.0623   0.1182
 11.75  8.88798E-01  0.00000E+00  -0.3055   8.7828  12.0013   0.3726   0.4558   0.5166  -0.0623   0.1206
 11.80  8.62525E-01  0.00000E+00  -0.2827   8.7797  12.0354   0.3492   0.4558   0.5059  -0.0623   0.1232
 11.85  8.36252E-01  0.00000E+00  -0.2599   8.7766  12.0690   0.3257   0.4559   0.4951  -0.0623   0.1258
 11.90  8.09979E-01  0.00000E+00  -0.2371   8.7735  12.1020   0.3023   0.4559   0.4844  -0.0623   0.1286
 11.95  7.83706E-01  0.00000E+00  -0.2143   8.7704  12.1343   0.2789   0.4559   0.4737  -0.0623   0.1315
 12.00  7.57433E-01  0.00000E+00  -0.1915   8.7672  12.1659   0.2554   0.4559   0.4629  -0.0623   0.1345
 12.05  7.31160E-01  0.00000E+00  -0.1687   8.7641  12.1970   0.2320   0.4559   0.4522  -0.0623   0.1377
 12.10  7.04887E-01  0.00000E+00  -0.1460   8.7610  12.2274   0.2086   0.4559   0.4415  -0.0623   0.1411
 12.15  6.78614E-01  3.76288E-03  -0.1232   8.7579  12.2572   0.1851   0.4558   0.4307  -0.0623   0.1447
 12.20  6.52340E-01  8.24602E-03  -0.1004   8.7548  12.2864   0.1617   0.4558   0.4200  -0.0623   0.1484
 12.25  6.26067E-01  1.27292E-02  -0.0776   8.7517  12.3149   0.1383   0.4558   0.4094  -0.0623   0.1523
 12.30  5.99794E-01  1.72123E-02  -0.0548   8.7485  12.3428   0.1150   0.4557   0.3987  -0.0625   0.1567
 12.35  5.73521E-01  2.16955E-02  -0.0320   8.7454  12.3701   0.0916   0.4561   0.3881  -0.0620   0.1598
 12.40  5.47248E-01  2.61786E-02  -0.0092   8.7423  12.3967   0.0678   0.4552   0.3771  -0.0630   0.1672
 12.45  5.20975E-01  3.06617E-02   0.0136   8.7392  12.4227   0.0503   0.4569   0.3692  -0.0611   0.1654
 12.50  4.94528E-01  3.51436E-02   0.0364   8.7362  12.4481   0.0396   0.4559   0.3641  -0.0621   0.1705
 12.55  4.69370E-01  3.96327E-02   0.0589   8.7326  12.4727   0.0292   0.4398   0.3610  -0.0822   0.2278
 12.60  4.47585E-01  4.40583E-02   0.0804   8.7279  12.4967   0.0199   0.4246   0.3637  -0.1053   0.2895
 12.65  4.27331E-01  4.83439E-02   0.1014   8.7222  12.5207   0.0182   0.4140   0.3701  -0.1223   0.3304
 12.70  4.08358E-01  5.25376E-02   0.1219   8.7157  12.5448   0.0336   0.4060   0.3813  -0.1379   0.3616
 12.75  3.89585E-01  5.62775E-02   0.1423   8.7085  12.5689   0.0589   0.4107   0.3938  -0.1484   0.3768
 12.80  3.69775E-01  5.91333E-02   0.1631   8.7009  12.5930   0.0835   0.4237   0.4046  -0.1564   0.3866
 12.85  3.48543E-01  6.09675E-02   0.1847   8.6929  12.6172   0.1026   0.4387   0.4129  -0.1637   0.3965
 12.90  3.26122E-01  6.18538E-02   0.2070   8.6845  12.6415   0.1157   0.4534   0.4192  -0.1707   0.4072
 12.95  3.02758E-01  6.18704E-02   0.2300   8.6758  12.6659   0.1226   0.4679   0.4239  -0.1769   0.4174
 13.00  2.78697E-01  6.10958E-02   0.2537   8.6668  12.6903   0.1232   0.4817   0.4275  -0.1823   0.4264
 13.05  2.54186E-01  5.96082E-02   0.2782   8.6576  12.7148   0.1178   0.4946   0.4302  -0.1864   0.4332
 13.10  2.29471E-01  5.74859E-02   0.3032   8.6482  12.7394   0.1068   0.5059   0.4323  -0.1890   0.4371
 13.15  2.04799E-01  5.48072E-02   0.3287   8.6388  12.7640   0.0912   0.5153   0.4338  -0.1897   0.4373
 13.20  1.80415E-01  5.16505E-02   0.3547   8.6293  12.7888   0.0721   0.5222   0.4347  -0.1884   0.4335
 13.25  1.56566E-01  4.80941E-02   0.3809   8.6200  12.8136   0.0511   0.5264   0.4348  -0.1850   0.4254
 13.30  1.33499E-01  4.42163E-02   0.4072   8.6108  12.8386   0.0298   0.5276   0.4340  -0.1793   0.4131
 13.35  1.11460E-01  4.00953E-02   0.4336   8.6021  12.8636   0.0101   0.5257   0.4324  -0.1715   0.3967
 13.40  9.06947E-02  3.58096E-02   0.4598   8.5937  12.8888  -0.0063   0.5208   0.4299  -0.1619   0.3767
 13.45  7.14498E-02  3.14375E-02   0.4856   8.5859  12.9140  -0.0179   0.5131   0.4268  -0.1506   0.3528
 13.50  5.39718E-02  2.70572E-02   0.5111   8.5787  12.9394  -0.0234   0.5041   0.4236  -0.1391   0.3283
 13.55  3.85068E-02  2.27470E-02   0.5361   8.5719  12.9649  -0.0236   0.4973   0.4209  -0.1312   0.3116
 13.60  2.53012E-02  1.85854E-02   0.5608   8.5655  12.9905  -0.0209   0.4941   0.4185  -0.1282   0.3065
 13.65  1.46014E-02  1.46505E-02   0.5855   8.5590  13.0162  -0.0177   0.4937   0.4158  -0.1294   0.3112
 13.70  6.65375E-03  1.10208E-02   0.6102   8.5525  13.0421  -0.0155   0.4949   0.4123  -0.1321   0.3205
 13.75  1.70449E-03  7.77446E-03   0.6350   8.5458  13.0681  -0.0143   0.4964   0.4082  -0.1343   0.3291
 13.80  0.00000E+00  4.98989E-03   0.6599   8.5391  13.0942  -0.0137   0.4981   0.4037  -0.1358   0.3363
 13.85  0.00000E+00  2.74540E-03   0.6848   8.5323  13.1205  -0.0132   0.5002   0.3990  -0.1369   0.3430
 13.90  0.00000E+00  1.11928E-03   0.7099   8.5254  13.1470  -0.0123   0.5023   0.3944  -0.1367   0.3466
 13.95  0.00000E+00  1.89851E-04   0.7351   8.5186  13.1735  -0.0108   0.5050   0.3895  -0.1358   0.3487
 14.00  0.00000E+00  0.00000E+00   0.7604   8.5118  13.2003  -0.0090   0.5092   0.3845  -0.1371   0.3566
 14.05  0.00000E+00  0.00000E+00   0.7860   8.5049  13.2272  -0.0073   0.5140   0.3798  -0.1387   0.3652
 14.10  0.00000E+00  0.00000E+00   0.8118   8.4979  13.2542  -0.0053   0.5188   0.3751  -0.1394   0.3716
 3.62  51
 11.60  8.35541E-01  0.00000E+00  -0.3578   8.8250  12.0655  -0.1241   0.4408   0.2137  -0.0674   0.3153
 11.65  8.13904E-01  0.00000E+00  -0.3357   8.8217  12.0881  -0.1144   0.4408   0.2215  -0.0674   0.3041
 11.70  7.92267E-01  0.00000E+00  -0.3137   8.8183  12.1107  -0.1047   0.4408   0.2294  -0.0674   0.2937
 11.75  7.70629E-01  0.00000E+00  -0.2916   8.8149  12.1333  -0.0950   0.4408   0.2373  -0.0674   0.2840
 11.80  7.48992E-01  0.00000E+00  -0.2696   8.8116  12.1558  -0.0851   0.4408   0.2452  -0.0674   0.2748
 11.85  7.27355E-01  0.00000E+00  -0.2476   8.8082  12.1784  -0.0752   0.4408   0.2530  -0.0674   0.2663
 11.90  7.05718E-01  8.62808E-04  -0.2255   8.8048  12.2010  -0.0655   0.4408   0.2609  -0.0674   0.2582
 11.95  6.84081E-01  4.62278E-03  -0.2035   8.8014  12.2236  -0.0558   0.4408   0.2687  -0.0674   0.2507
 12.00  6.62444E-01  8.38275E-03  -0.1814   8.7981  12.2462  -0.0460   0.4408   0.2766  -0.0674   0.2436
 12.05  6.40806E-01  1.21427E-02  -0.1594   8.7947  12.2688  -0.0362   0.4408   0.2844  -0.0674   0.2369
 12.10  6.19169E-01  1.59027E-02  -0.1374   8.7913  12.2913  -0.0267   0.4408   0.2923  -0.0674   0.2305
 12.15  5.97532E-01  1.96627E-02  -0.1153   8.7880  12.3139  -0.0172   0.4408   0.3001  -0.0674   0.2245
 12.20  5.75895E-01  2.34226E-02  -0.0933   8.7846  12.3365  -0.0074   0.4408   0.3080  -0.0674   0.2188
 12.25  5.54258E-01  2.71826E-02  -0.0712   8.7812  12.3591   0.0027   0.4408   0.3159  -0.0674   0.2132
 12.30  5.32621E-01  3.09426E-02  -0.0492   8.7779  12.3817   0.0116   0.4407   0.3236  -0.0674   0.2084
 12.35  5.10983E-01  3.47026E-02  -0.0272   8.7745  12.4043   0.0195   0.4410   0.3310  -0.0672   0.2029
 12.40  4.89346E-01  3.84625E-02  -0.0051   8.7711  12.4269   0.0311   0.4401   0.3396  -0.0679   0.2000
 12.45  4.67709E-01  4.22225E-02   0.0169   8.7677  12.4494   0.0338   0.4421   0.3438  -0.0663   0.1928
 12.50  4.45930E-01  4.59716E-02   0.0390   8.7645  12.4720   0.0255   0.4401   0.3421  -0.0678   0.1983
 12.55  4.25251E-01  4.97975E-02   0.0607   8.7608  12.4946   0.0157   0.4257   0.3410  -0.0817   0.2395
 12.60  4.06727E-01  5.36061E-02   0.0817   8.7563  12.5172   0.0112   0.4167   0.3451  -0.0973   0.2820
 12.65  3.88624E-01  5.69237E-02   0.1026   8.7511  12.5398   0.0108   0.4210   0.3516  -0.1095   0.3114
 12.70  3.69559E-01  5.93888E-02   0.1239   8.7453  12.5624   0.0148   0.4296   0.3595  -0.1213   0.3374
 12.75  3.49477E-01  6.09997E-02   0.1456   8.7390  12.5852   0.0210   0.4382   0.3675  -0.1326   0.3606
 12.80  3.28551E-01  6.18168E-02   0.1677   8.7321  12.6080   0.0267   0.4466   0.3750  -0.1432   0.3819
 12.85  3.06955E-01  6.19004E-02   0.1902   8.7247  12.6310   0.0305   0.4548   0.3816  -0.1530   0.4010
 12.90  2.84862E-01  6.13106E-02   0.2132   8.7168  12.6540   0.0323   0.4627   0.3875  -0.1619   0.4178
 12.95  2.62446E-01  6.01079E-02   0.2365   8.7085  12.6771   0.0320   0.4703   0.3928  -0.1697   0.4319
 13.00  2.39880E-01  5.83526E-02   0.2602   8.6998  12.7004   0.0299   0.4773   0.3977  -0.1762   0.4429
 13.05  2.17337E-01  5.61048E-02   0.2842   8.6909  12.7238   0.0258   0.4838   0.4022  -0.1812   0.4505
 13.10  1.94992E-01  5.34249E-02   0.3085   8.6817  12.7474   0.0202   0.4896   0.4062  -0.1845   0.4543
 13.15  1.73017E-01  5.03732E-02   0.3331   8.6725  12.7711   0.0134   0.4946   0.4097  -0.1861   0.4542
 13.20  1.51586E-01  4.70099E-02   0.3580   8.6632  12.7950   0.0057   0.4987   0.4128  -0.1858   0.4501
 13.25  1.30873E-01  4.33954E-02   0.3830   8.6539  12.8190  -0.0024   0.5019   0.4152  -0.1835   0.4418
 13.30  1.11051E-01  3.95900E-02   0.4082   8.6449  12.8433  -0.0101   0.5040   0.4170  -0.1791   0.4294
 13.35  9.22932E-02  3.56538E-02   0.4334   8.6361  12.8677  -0.0170   0.5051   0.4181  -0.1726   0.4128
 13.40  7.47735E-02  3.16473E-02   0.4586   8.6276  12.8923  -0.0225   0.5051   0.4185  -0.1641   0.3922
 13.45  5.86652E-02  2.76307E-02   0.4839   8.6197  12.9170  -0.0259   0.5040   0.4183  -0.1535   0.3669
 13.50  4.41418E-02  2.36643E-02   0.5090   8.6123  12.9420  -0.0270   0.5020   0.4177  -0.1419   0.3398
 13.55  3.13769E-02  1.98084E-02   0.5341   8.6054  12.9671  -0.0259   0.5001   0.4171  -0.1335   0.3201
 13.60  2.05438E-02  1.61233E-02   0.5590   8.5988  12.9924  -0.0237   0.4987   0.4165  -0.1306   0.3135
 13.65  1.18161E-02  1.26692E-02   0.5840   8.5923  13.0179  -0.0213   0.4978   0.4158  -0.1323   0.3183
 13.70  5.36726E-03  9.50650E-03   0.6088   8.5856  13.0436  -0.0194   0.4976   0.4149  -0.1360   0.3279
 13.75  1.37073E-03  6.69541E-03   0.6337   8.5787  13.0695  -0.0179   0.4981   0.4137  -0.1388   0.3356
 13.80  0.00000E+00  4.29626E-03   0.6587   8.5717  13.0956  -0.0167   0.4993   0.4124  -0.1406   0.3408
 13.85  0.00000E+00  2.36932E-03   0.6837   8.5647  13.1219  -0.0158   0.5014   0.4113  -0.1415   0.3439
 13.90  0.00000E+00  9.74895E-04   0.7088   8.5576  13.1484  -0.0149   0.5041   0.4106  -0.1413   0.3442
 13.95  0.00000E+00  1.73259E-04   0.7341   8.5505  13.1751  -0.0138   0.5074   0.4098  -0.1409   0.3440
 14.00  0.00000E+00  0.00000E+00   0.7596   8.5435  13.2020  -0.0128   0.5115   0.4089  -0.1419   0.3469
 14.05  0.00000E+00  0.00000E+00   0.7852   8.5363  13.2291  -0.0121   0.5162   0.4088  -0.1430   0.3497
 14.10  0.00000E+00  0.00000E+00   0.8112   8.5292  13.2564  -0.0115   0.5211   0.4091  -0.1436   0.3511
 3.70  51
 11.60  8.33225E-01  6.80507E-03  -0.3802   8.8358  12.0528  -0.1834   0.4706   0.2336  -0.0483   0.2066
 11.65  8.08637E-01  9.55721E-03  -0.3567   8.8334  12.0819  -0.1713   0.4706   0.2393  -0.0483   0.2017
 11.70  7.84048E-01  1.23094E-02  -0.3331   8.8310  12.1104  -0.1591   0.4706   0.2449  -0.0483   0.1971
 11.75  7.59460E-01  1.50615E-02  -0.3096   8.8286  12.1385  -0.1470   0.4706   0.2505  -0.0483   0.1927
 11.80  7.34871E-01  1.78136E-02  -0.2861   8.8262  12.1660  -0.1354   0.4706   0.2560  -0.0483   0.1886
 11.85  7.10283E-01  2.05658E-02  -0.2626   8.8238  12.1931  -0.1240   0.4705   0.2615  -0.0483   0.1846
 11.90  6.85695E-01  2.33179E-02  -0.2390   8.8213  12.2196  -0.1122   0.4705   0.2671  -0.0483   0.1807
 11.95  6.61106E-01  2.60701E-02  -0.2155   8.8189  12.2456  -0.0997   0.4705   0.2728  -0.0483   0.1769
 12.00  6.36518E-01  2.88222E-02  -0.1920   8.8165  12.2711  -0.0881   0.4705   0.2784  -0.0483   0.1734
 12.05  6.11929E-01  3.15744E-02  -0.1685   8.8141  12.2960  -0.0763   0.4706   0.2840  -0.0483   0.1700
 12.10  5.87341E-01  3.43265E-02  -0.1449   8.8117  12.3205  -0.0634   0.4706   0.2897  -0.0483   0.1666
 12.15  5.62753E-01  3.70787E-02  -0.1214   8.8093  12.3445  -0.0501   0.4706   0.2955  -0.0483   0.1633
 12.20  5.38164E-01  3.98308E-02  -0.0979   8.8069  12.3679  -0.0383   0.4705   0.3010  -0.0483   0.1604
 12.25  5.13576E-01  4.25830E-02  -0.0743   8.8045  12.3909  -0.0278   0.4708   0.3063  -0.0481   0.1571
 12.30  4.88987E-01  4.53351E-02  -0.0508   8.8020  12.4133  -0.0122   0.4697   0.3127  -0.0487   0.1557
 12.35  4.64399E-01  4.80872E-02  -0.0273   8.7996  12.4352   0.0064   0.4732   0.3200  -0.0470   0.1470
 12.40  4.39629E-01  5.08366E-02  -0.0037   8.7972  12.4565   0.0140   0.4643   0.3239  -0.0512   0.1581
 12.45  4.18295E-01  5.36647E-02   0.0189   8.7944  12.4772   0.0134   0.4398   0.3259  -0.0624   0.1913
 12.50  4.00142E-01  5.67283E-02   0.0404   8.7911  12.4977   0.0075   0.4242   0.3256  -0.0705   0.2166
 12.55  3.83427E-01  5.98817E-02   0.0614   8.7873  12.5186   0.0026   0.4170   0.3258  -0.0787   0.2415
 12.60  3.67270E-01  6.27974E-02   0.0822   8.7832  12.5397   0.0019   0.4161   0.3285  -0.0884   0.2691
 12.65  3.50796E-01  6.51461E-02   0.1031   8.7785  12.5609   0.0023   0.4213   0.3324  -0.0998   0.3002
 12.70  3.33390E-01  6.66955E-02   0.1244   8.7732  12.5822   0.0012   0.4290   0.3362  -0.1118   0.3326
 12.75  3.15101E-01  6.74631E-02   0.1460   8.7673  12.6035  -0.0013   0.4366   0.3400  -0.1232   0.3624
 12.80  2.96082E-01  6.75061E-02   0.1681   8.7609  12.6249  -0.0043   0.4441   0.3442  -0.1340   0.3894
 12.85  2.76489E-01  6.68819E-02   0.1904   8.7539  12.6464  -0.0075   0.4515   0.3488  -0.1440   0.4129
 12.90  2.56475E-01  6.56475E-02   0.2132   8.7465  12.6680  -0.0109   0.4586   0.3537  -0.1531   0.4328
 12.95  2.36194E-01  6.38604E-02   0.2363   8.7386  12.6898  -0.0142   0.4655   0.3589  -0.1610   0.4487
 13.00  2.15801E-01  6.15777E-02   0.2597   8.7304  12.7118  -0.0175   0.4720   0.3643  -0.1678   0.4606
 13.05  1.95450E-01  5.88567E-02   0.2835   8.7219  12.7340  -0.0207   0.4781   0.3698  -0.1731   0.4683
 13.10  1.75294E-01  5.57547E-02   0.3075   8.7131  12.7564  -0.0237   0.4838   0.3753  -0.1770   0.4716
 13.15  1.55488E-01  5.23288E-02   0.3319   8.7042  12.7791  -0.0263   0.4888   0.3807  -0.1791   0.4705
 13.20  1.36187E-01  4.86364E-02   0.3564   8.6952  12.8020  -0.0286   0.4933   0.3860  -0.1795   0.4651
 13.25  1.17543E-01  4.47346E-02   0.3812   8.6863  12.8252  -0.0305   0.4970   0.3909  -0.1780   0.4554
 13.30  9.97125E-02  4.06808E-02   0.4061   8.6774  12.8487  -0.0318   0.5000   0.3955  -0.1745   0.4413
 13.35  8.28482E-02  3.65321E-02   0.4312   8.6688  12.8725  -0.0327   0.5022   0.3996  -0.1690   0.4230
 13.40  6.71046E-02  3.23459E-02   0.4563   8.6606  12.8966  -0.0330   0.5036   0.4032  -0.1616   0.4007
 13.45  5.26358E-02  2.81794E-02   0.4815   8.6527  12.9210  -0.0326   0.5041   0.4062  -0.1519   0.3740
 13.50  3.95961E-02  2.40897E-02   0.5067   8.6454  12.9456  -0.0316   0.5037   0.4086  -0.1409   0.3450
 13.55  2.81396E-02  2.01343E-02   0.5319   8.6386  12.9704  -0.0299   0.5030   0.4107  -0.1326   0.3229
 13.60  1.84204E-02  1.63703E-02   0.5570   8.6321  12.9955  -0.0278   0.5021   0.4128  -0.1296   0.3141
 13.65  1.05927E-02  1.28549E-02   0.5821   8.6255  13.0209  -0.0257   0.5011   0.4150  -0.1315   0.3169
 13.70  4.81064E-03  9.64543E-03   0.6071   8.6189  13.0464  -0.0237   0.5004   0.4171  -0.1354   0.3247
 13.75  1.22835E-03  6.79913E-03   0.6321   8.6120  13.0722  -0.0221   0.5004   0.4191  -0.1383   0.3300
 13.80  0.00000E+00  4.37325E-03   0.6572   8.6051  13.0982  -0.0207   0.5013   0.4209  -0.1400   0.3325
 13.85  0.00000E+00  2.42502E-03   0.6823   8.5980  13.1244  -0.0195   0.5030   0.4225  -0.1405   0.3324
 13.90  0.00000E+00  1.01170E-03   0.7075   8.5910  13.1509  -0.0184   0.5055   0.4238  -0.1401   0.3306
 13.95  0.00000E+00  1.90540E-04   0.7328   8.5840  13.1775  -0.0174   0.5088   0.4247  -0.1402   0.3300
 14.00  0.00000E+00  0.00000E+00   0.7584   8.5770  13.2043  -0.0165   0.5125   0.4252  -0.1406   0.3307
 14.05  0.00000E+00  0.00000E+00   0.7841   8.5700  13.2312  -0.0157   0.5167   0.4254  -0.1409   0.3313
 14.10  0.00000E+00  0.00000E+00   0.8101   8.5629  13.2583  -0.0152   0.5212   0.4252  -0.1413   0.3322
 3.78  51
 11.60  7.66638E-01  3.77569E-02  -0.3871   8.8647  12.1426  -0.2429   0.4819   0.3385  -0.0515   0.1521
 11.65  7.42853E-01  3.93080E-02  -0.3630   8.8621  12.1674  -0.2241   0.4819   0.3379  -0.0515   0.1524
 11.70  7.19069E-01  4.08591E-02  -0.3389   8.8595  12.1918  -0.2052   0.4819   0.3373  -0.0515   0.1527
 11.75  6.95284E-01  4.24102E-02  -0.3148   8.8570  12.2158  -0.1865   0.4819   0.3368  -0.0515   0.1529
 11.80  6.71499E-01  4.39613E-02  -0.2907   8.8544  12.2393  -0.1653   0.4819   0.3368  -0.0515   0.1529
 11.85  6.47714E-01  4.55124E-02  -0.2666   8.8518  12.2624  -0.1438   0.4819   0.3364  -0.0515   0.1531
 11.90  6.23930E-01  4.70635E-02  -0.2425   8.8492  12.2851  -0.1239   0.4819   0.3359  -0.0515   0.1533
 11.95  6.00145E-01  4.86146E-02  -0.2184   8.8467  12.3074  -0.1061   0.4819   0.3352  -0.0515   0.1536
 12.00  5.76360E-01  5.01657E-02  -0.1943   8.8441  12.3293  -0.0853   0.4819   0.3348  -0.0515   0.1538
 12.05  5.52575E-01  5.17167E-02  -0.1702   8.8415  12.3507  -0.0654   0.4819   0.3342  -0.0515   0.1541
 12.10  5.28791E-01  5.32678E-02  -0.1461   8.8389  12.3717  -0.0491   0.4819   0.3334  -0.0515   0.1545
 12.15  5.05006E-01  5.48189E-02  -0.1220   8.8364  12.3922  -0.0345   0.4819   0.3322  -0.0515   0.1551
 12.20  4.81221E-01  5.63700E-02  -0.0979   8.8338  12.4124  -0.0144   0.4821   0.3319  -0.0514   0.1550
 12.25  4.57437E-01  5.79211E-02  -0.0739   8.8312  12.4321   0.0103   0.4811   0.3323  -0.0517   0.1557
 12.30  4.33652E-01  5.94722E-02  -0.0498   8.8286  12.4514   0.0164   0.4849   0.3290  -0.0506   0.1538
 12.35  4.09824E-01  6.10215E-02  -0.0256   8.8261  12.4702   0.0116   0.4717   0.3225  -0.0546   0.1693
 12.40  3.90112E-01  6.27906E-02  -0.0028   8.8231  12.4883  -0.0011   0.4442   0.3141  -0.0617   0.1966
 12.45  3.73286E-01  6.49188E-02   0.0190   8.8199  12.5067  -0.0096   0.4292   0.3097  -0.0654   0.2112
 12.50  3.57919E-01  6.72464E-02   0.0402   8.8166  12.5256  -0.0117   0.4203   0.3092  -0.0704   0.2278
 12.55  3.43388E-01  6.95218E-02   0.0611   8.8129  12.5449  -0.0115   0.4162   0.3101  -0.0772   0.2489
 12.60  3.29069E-01  7.14930E-02   0.0819   8.8088  12.5644  -0.0111   0.4168   0.3113  -0.0857   0.2754
 12.65  3.14338E-01  7.29082E-02   0.1028   8.8043  12.5840  -0.0109   0.4217   0.3129  -0.0964   0.3080
 12.70  2.98757E-01  7.35896E-02   0.1241   8.7992  12.6037  -0.0107   0.4286   0.3149  -0.1077   0.3422
 12.75  2.82381E-01  7.35587E-02   0.1457   8.7935  12.6234  -0.0108   0.4353   0.3173  -0.1185   0.3734
 12.80  2.65350E-01  7.28695E-02   0.1676   8.7873  12.6433  -0.0113   0.4420   0.3200  -0.1286   0.4017
 12.85  2.47801E-01  7.15764E-02   0.1899   8.7807  12.6632  -0.0123   0.4486   0.3231  -0.1378   0.4267
 12.90  2.29873E-01  6.97337E-02   0.2125   8.7735  12.6834  -0.0137   0.4551   0.3265  -0.1462   0.4479
 12.95  2.11704E-01  6.73956E-02   0.2354   8.7660  12.7038  -0.0156   0.4614   0.3302  -0.1536   0.4651
 13.00  1.93432E-01  6.46165E-02   0.2586   8.7582  12.7244  -0.0178   0.4674   0.3343  -0.1598   0.4780
 13.05  1.75196E-01  6.14506E-02   0.2821   8.7501  12.7453  -0.0204   0.4732   0.3387  -0.1647   0.4864
 13.10  1.57133E-01  5.79523E-02   0.3059   8.7418  12.7665  -0.0231   0.4787   0.3433  -0.1683   0.4902
 13.15  1.39384E-01  5.41758E-02   0.3300   8.7333  12.7880  -0.0260   0.4838   0.3481  -0.1703   0.4893
 13.20  1.22085E-01  5.01753E-02   0.3543   8.7248  12.8100  -0.0289   0.4885   0.3531  -0.1708   0.4836
 13.25  1.05375E-01  4.60052E-02   0.3788   8.7162  12.8324  -0.0316   0.4928   0.3580  -0.1695   0.4733
 13.30  8.93919E-02  4.17198E-02   0.4036   8.7078  12.8552  -0.0341   0.4965   0.3630  -0.1664   0.4583
 13.35  7.42749E-02  3.73733E-02   0.4285   8.6996  12.8783  -0.0361   0.4996   0.3679  -0.1614   0.4388
 13.40  6.01618E-02  3.30201E-02   0.4535   8.6917  12.9019  -0.0375   0.5022   0.3726  -0.1546   0.4148
 13.45  4.71910E-02  2.87143E-02   0.4787   8.6842  12.9258  -0.0381   0.5041   0.3772  -0.1457   0.3863
 13.50  3.55009E-02  2.45104E-02   0.5039   8.6772  12.9501  -0.0379   0.5054   0.3816  -0.1352   0.3544
 13.55  2.52298E-02  2.04626E-02   0.5292   8.6707  12.9746  -0.0367   0.5059   0.3862  -0.1268   0.3285
 13.60  1.65159E-02  1.66251E-02   0.5545   8.6644  12.9995  -0.0350   0.5056   0.3912  -0.1235   0.3158
 13.65  9.49770E-03  1.30522E-02   0.5798   8.6582  13.0247  -0.0329   0.5045   0.3965  -0.1252   0.3156
 13.70  4.31342E-03  9.79833E-03   0.6050   8.6519  13.0501  -0.0309   0.5033   0.4020  -0.1292   0.3215
 13.75  1.10141E-03  6.91766E-03   0.6301   8.6453  13.0758  -0.0290   0.5030   0.4072  -0.1327   0.3258
 13.80  0.00000E+00  4.46449E-03   0.6553   8.6386  13.1017  -0.0271   0.5036   0.4121  -0.1351   0.3278
 13.85  0.00000E+00  2.49311E-03   0.6805   8.6318  13.1278  -0.0253   0.5052   0.4165  -0.1367   0.3281
 13.90  0.00000E+00  1.05781E-03   0.7058   8.6250  13.1541  -0.0236   0.5077   0.4202  -0.1375   0.3272
 13.95  0.00000E+00  2.12868E-04   0.7313   8.6181  13.1806  -0.0219   0.5109   0.4233  -0.1386   0.3274
 14.00  0.00000E+00  0.00000E+00   0.7569   8.6111  13.2073  -0.0203   0.5145   0.4256  -0.1404   0.3299
 14.05  0.00000E+00  0.00000E+00   0.7827   8.6040  13.2341  -0.0187   0.5186   0.4270  -0.1424   0.3335
 14.10  0.00000E+00  0.00000E+00   0.8088   8.5968  13.2610  -0.0174   0.5229   0.4274  -0.1444   0.3378
 3.86  51
 11.60  7.67340E-01  7.88173E-02  -0.4203   8.8842  12.1387  -0.3493   0.5320   0.2270  -0.0438   0.1931
 11.65  7.39197E-01  7.83568E-02  -0.3937   8.8820  12.1724  -0.3215   0.5321   0.2322  -0.0438   0.1888
 11.70  7.11054E-01  7.78964E-02  -0.3671   8.8798  12.2047  -0.2938   0.5321   0.2372  -0.0438   0.1848
 11.75  6.82911E-01  7.74359E-02  -0.3405   8.8776  12.2358  -0.2653   0.5321   0.2421  -0.0438   0.1811
 11.80  6.54768E-01  7.69755E-02  -0.3139   8.8755  12.2655  -0.2463   0.5321   0.2449  -0.0438   0.1790
 11.85  6.26625E-01  7.65151E-02  -0.2873   8.8733  12.2939  -0.2284   0.5320   0.2490  -0.0438   0.1761
 11.90  5.98482E-01  7.60546E-02  -0.2607   8.8711  12.3209  -0.2048   0.5320   0.2537  -0.0439   0.1728
 11.95  5.70338E-01  7.55942E-02  -0.2341   8.8689  12.3466  -0.1730   0.5319   0.2591  -0.0439   0.1693
 12.00  5.42195E-01  7.51337E-02  -0.2075   8.8667  12.3710  -0.1528   0.5318   0.2635  -0.0439   0.1665
 12.05  5.14052E-01  7.46733E-02  -0.1809   8.8645  12.3941  -0.1297   0.5318   0.2683  -0.0439   0.1636
 12.10  4.85909E-01  7.42129E-02  -0.1543   8.8623  12.4158  -0.0925   0.5326   0.2745  -0.0437   0.1593
 12.15  4.57766E-01  7.37524E-02  -0.1277   8.8601  12.4362  -0.0483   0.5306   0.2816  -0.0441   0.1567
 12.20  4.29623E-01  7.32920E-02  -0.1011   8.8579  12.4552  -0.0261   0.5365   0.2855  -0.0429   0.1504
 12.25  4.01526E-01  7.28361E-02  -0.0745   8.8557  12.4729  -0.0204   0.5139   0.2866  -0.0475   0.1656
 12.30  3.79809E-01  7.29949E-02  -0.0500   8.8531  12.4891  -0.0239   0.4734   0.2852  -0.0572   0.2005
 12.35  3.61862E-01  7.34913E-02  -0.0268   8.8501  12.5047  -0.0344   0.4555   0.2818  -0.0625   0.2219
 12.40  3.45984E-01  7.42901E-02  -0.0044   8.8469  12.5204  -0.0372   0.4398   0.2813  -0.0647   0.2300
 12.45  3.31653E-01  7.54815E-02   0.0172   8.8436  12.5369  -0.0364   0.4280   0.2816  -0.0660   0.2342
 12.50  3.18374E-01  7.69230E-02   0.0384   8.8402  12.5542  -0.0351   0.4207   0.2823  -0.0692   0.2451
 12.55  3.05662E-01  7.83671E-02   0.0594   8.8367  12.5720  -0.0334   0.4176   0.2837  -0.0746   0.2630
 12.60  2.93034E-01  7.95656E-02   0.0803   8.8327  12.5903  -0.0313   0.4181   0.2858  -0.0822   0.2877
 12.65  2.80006E-01  8.02704E-02   0.1013   8.8284  12.6087  -0.0295   0.4224   0.2885  -0.0924   0.3201
 12.70  2.66215E-01  8.02930E-02   0.1225   8.8235  12.6270  -0.0284   0.4286   0.2915  -0.1034   0.3548
 12.75  2.51701E-01  7.96444E-02   0.1441   8.8181  12.6454  -0.0279   0.4347   0.2947  -0.1139   0.3864
 12.80  2.36588E-01  7.83777E-02   0.1660   8.8121  12.6638  -0.0279   0.4407   0.2982  -0.1236   0.4145
 12.85  2.21000E-01  7.65456E-02   0.1882   8.8057  12.6824  -0.0283   0.4468   0.3020  -0.1325   0.4389
 12.90  2.05062E-01  7.42011E-02   0.2107   8.7989  12.7011  -0.0292   0.4527   0.3060  -0.1405   0.4593
 12.95  1.88898E-01  7.13970E-02   0.2335   8.7917  12.7200  -0.0304   0.4585   0.3102  -0.1475   0.4755
 13.00  1.72632E-01  6.81862E-02   0.2565   8.7842  12.7392  -0.0320   0.4642   0.3147  -0.1534   0.4874
 13.05  1.56390E-01  6.46216E-02   0.2799   8.7764  12.7588  -0.0338   0.4698   0.3194  -0.1581   0.4949
 13.10  1.40294E-01  6.07561E-02   0.3035   8.7684  12.7787  -0.0358   0.4751   0.3242  -0.1614   0.4978
 13.15  1.24469E-01  5.66426E-02   0.3274   8.7602  12.7991  -0.0378   0.4802   0.3290  -0.1633   0.4962
 13.20  1.09040E-01  5.23339E-02   0.3515   8.7521  12.8200  -0.0398   0.4851   0.3339  -0.1636   0.4901
 13.25  9.41309E-02  4.78830E-02   0.3759   8.7439  12.8414  -0.0417   0.4896   0.3386  -0.1623   0.4794
 13.30  7.98660E-02  4.33426E-02   0.4005   8.7359  12.8634  -0.0433   0.4938   0.3432  -0.1593   0.4642
 13.35  6.63697E-02  3.87658E-02   0.4253   8.7280  12.8859  -0.0446   0.4977   0.3475  -0.1545   0.4445
 13.40  5.37663E-02  3.42053E-02   0.4502   8.7204  12.9088  -0.0453   0.5011   0.3516  -0.1478   0.4203
 13.45  4.21800E-02  2.97141E-02   0.4754   8.7133  12.9322  -0.0454   0.5041   0.3552  -0.1391   0.3917
 13.50  3.17353E-02  2.53451E-02   0.5006   8.7066  12.9560  -0.0448   0.5066   0.3585  -0.1286   0.3587
 13.55  2.25564E-02  2.11511E-02   0.5260   8.7004  12.9802  -0.0432   0.5083   0.3617  -0.1196   0.3306
 13.60  1.47676E-02  1.71850E-02   0.5514   8.6945  13.0048  -0.0409   0.5088   0.3653  -0.1155   0.3161
 13.65  8.49324E-03  1.34997E-02   0.5769   8.6887  13.0297  -0.0383   0.5080   0.3692  -0.1164   0.3154
 13.70  3.85765E-03  1.01480E-02   0.6022   8.6828  13.0549  -0.0358   0.5068   0.3735  -0.1204   0.3224
 13.75  9.85132E-04  7.18294E-03   0.6276   8.6767  13.0804  -0.0336   0.5063   0.3780  -0.1240   0.3281
 13.80  0.00000E+00  4.65731E-03   0.6529   8.6704  13.1062  -0.0316   0.5069   0.3826  -0.1266   0.3311
 13.85  0.00000E+00  2.62401E-03   0.6783   8.6641  13.1321  -0.0298   0.5083   0.3873  -0.1285   0.3318
 13.90  0.00000E+00  1.13591E-03   0.7037   8.6576  13.1583  -0.0281   0.5107   0.3922  -0.1297   0.3306
 13.95  0.00000E+00  2.45906E-04   0.7293   8.6511  13.1847  -0.0264   0.5138   0.3972  -0.1312   0.3302
 14.00  0.00000E+00  0.00000E+00   0.7551   8.6445  13.2112  -0.0249   0.5171   0.4026  -0.1335   0.3316
 14.05  0.00000E+00  0.00000E+00   0.7811   8.6377  13.2378  -0.0235   0.5208   0.4081  -0.1361   0.3334
 14.10  0.00000E+00  0.00000E+00   0.8072   8.6309  13.2645  -0.0222   0.5249   0.4140  -0.1386   0.3349
 3.94  51
 11.60  7.20975E-01  1.25689E-01  -0.4475   8.9038  12.3234  -0.6256   0.5798   0.2198  -0.0390   0.1775
 11.65  6.90857E-01  1.22483E-01  -0.4185   8.9018  12.3382  -0.5723   0.5799   0.2232  -0.0390   0.1748
 11.70  6.60738E-01  1.19278E-01  -0.3895   8.8999  12.3530  -0.5184   0.5799   0.2270  -0.0390   0.1718
 11.75  6.30620E-01  1.16072E-01  -0.3605   8.8979  12.3678  -0.4672   0.5799   0.2315  -0.0390   0.1685
 11.80  6.00502E-01  1.12866E-01  -0.3315   8.8960  12.3824  -0.3806   0.5799   0.2438  -0.0390   0.1600
 11.85  5.70383E-01  1.09660E-01  -0.3026   8.8940  12.3970  -0.2901   0.5798   0.2509  -0.0390   0.1555
 11.90  5.40265E-01  1.06454E-01  -0.2736   8.8921  12.4116  -0.2210   0.5798   0.2560  -0.0390   0.1525
 11.95  5.10147E-01  1.03248E-01  -0.2446   8.8901  12.4261  -0.1826   0.5794   0.2585  -0.0391   0.1512
 12.00  4.80028E-01  1.00042E-01  -0.2156   8.8882  12.4405  -0.1007   0.5807   0.2647  -0.0389   0.1469
 12.05  4.49910E-01  9.68364E-02  -0.1866   8.8862  12.4548  -0.0290   0.5776   0.2695  -0.0394   0.1460
 12.10  4.19791E-01  9.36305E-02  -0.1576   8.8843  12.4691  -0.0127   0.5861   0.2688  -0.0381   0.1417
 12.15  3.89410E-01  9.03836E-02  -0.1285   8.8823  12.4834  -0.0145   0.5626   0.2657  -0.0416   0.1565
 12.20  3.65968E-01  8.82304E-02  -0.1019   8.8800  12.4976  -0.0293   0.5087   0.2605  -0.0497   0.1909
 12.25  3.47643E-01  8.69266E-02  -0.0772   8.8774  12.5115  -0.0537   0.4817   0.2539  -0.0553   0.2180
 12.30  3.31876E-01  8.60295E-02  -0.0536   8.8745  12.5249  -0.0645   0.4630   0.2509  -0.0604   0.2406
 12.35  3.18105E-01  8.55170E-02  -0.0308   8.8714  12.5382  -0.0678   0.4484   0.2510  -0.0634   0.2526
 12.40  3.05696E-01  8.54049E-02  -0.0087   8.8682  12.5519  -0.0699   0.4376   0.2516  -0.0644   0.2561
 12.45  2.94029E-01  8.57003E-02   0.0130   8.8650  12.5667  -0.0696   0.4298   0.2525  -0.0650   0.2573
 12.50  2.82693E-01  8.62751E-02   0.0344   8.8617  12.5826  -0.0668   0.4251   0.2538  -0.0672   0.2647
 12.55  2.71436E-01  8.68974E-02   0.0555   8.8582  12.5993  -0.0627   0.4231   0.2556  -0.0717   0.2807
 12.60  2.60007E-01  8.73329E-02   0.0767   8.8545  12.6164  -0.0582   0.4237   0.2577  -0.0785   0.3045
 12.65  2.48157E-01  8.73473E-02   0.0980   8.8503  12.6338  -0.0539   0.4270   0.2603  -0.0877   0.3370
 12.70  2.35683E-01  8.67413E-02   0.1194   8.8457  12.6511  -0.0505   0.4319   0.2635  -0.0982   0.3727
 12.75  2.22612E-01  8.55040E-02   0.1412   8.8405  12.6683  -0.0479   0.4369   0.2669  -0.1081   0.4048
 12.80  2.09052E-01  8.36869E-02   0.1631   8.8349  12.6855  -0.0460   0.4419   0.2708  -0.1172   0.4328
 12.85  1.95110E-01  8.13414E-02   0.1854   8.8288  12.7028  -0.0448   0.4470   0.2750  -0.1255   0.4564
 12.90  1.80894E-01  7.85190E-02   0.2078   8.8223  12.7202  -0.0443   0.4520   0.2795  -0.1329   0.4756
 12.95  1.66509E-01  7.52712E-02   0.2306   8.8155  12.7379  -0.0444   0.4571   0.2844  -0.1394   0.4902
 13.00  1.52063E-01  7.16496E-02   0.2535   8.8084  12.7558  -0.0450   0.4621   0.2896  -0.1449   0.5003
 13.05  1.37664E-01  6.77055E-02   0.2768   8.8011  12.7741  -0.0460   0.4671   0.2951  -0.1493   0.5058
 13.10  1.23417E-01  6.34906E-02   0.3002   8.7935  12.7929  -0.0474   0.4721   0.3007  -0.1524   0.5069
 13.15  1.09431E-01  5.90563E-02   0.3240   8.7858  12.8121  -0.0489   0.4771   0.3064  -0.1543   0.5036
 13.20  9.58122E-02  5.44540E-02   0.3479   8.7781  12.8320  -0.0506   0.4820   0.3121  -0.1548   0.4960
 13.25  8.26677E-02  4.97354E-02   0.3722   8.7704  12.8525  -0.0521   0.4868   0.3177  -0.1539   0.4844
 13.30  7.01046E-02  4.49518E-02   0.3966   8.7627  12.8736  -0.0534   0.4915   0.3231  -0.1514   0.4688
 13.35  5.82298E-02  4.01548E-02   0.4213   8.7553  12.8953  -0.0544   0.4962   0.3280  -0.1474   0.4492
 13.40  4.71506E-02  3.53959E-02   0.4462   8.7480  12.9176  -0.0547   0.5007   0.3326  -0.1415   0.4256
 13.45  3.69739E-02  3.07266E-02   0.4714   8.7411  12.9404  -0.0542   0.5051   0.3366  -0.1340   0.3981
 13.50  2.78068E-02  2.61983E-02   0.4967   8.7347  12.9637  -0.0527   0.5094   0.3400  -0.1244   0.3659
 13.55  1.97563E-02  2.18625E-02   0.5223   8.7287  12.9874  -0.0499   0.5127   0.3430  -0.1156   0.3369
 13.60  1.29295E-02  1.77708E-02   0.5480   8.7230  13.0115  -0.0463   0.5141   0.3463  -0.1109   0.3204
 13.65  7.43342E-03  1.39747E-02   0.5737   8.7175  13.0361  -0.0425   0.5131   0.3500  -0.1113   0.3179
 13.70  3.37511E-03  1.05255E-02   0.5993   8.7119  13.0610  -0.0392   0.5109   0.3540  -0.1147   0.3240
 13.75  8.61619E-04  7.47495E-03   0.6248   8.7060  13.0862  -0.0368   0.5096   0.3583  -0.1181   0.3295
 13.80  0.00000E+00  4.87439E-03   0.6503   8.7001  13.1116  -0.0350   0.5095   0.3626  -0.1204   0.3320
 13.85  0.00000E+00  2.77534E-03   0.6757   8.6940  13.1374  -0.0337   0.5106   0.3670  -0.1220   0.3324
 13.90  0.00000E+00  1.22930E-03   0.7013   8.6879  13.1633  -0.0325   0.5129   0.3712  -0.1228   0.3308
 13.95  0.00000E+00  2.87770E-04   0.7270   8.6817  13.1895  -0.0313   0.5159   0.3754  -0.1238   0.3298
 14.00  0.00000E+00  0.00000E+00   0.7529   8.6755  13.2157  -0.0301   0.5191   0.3797  -0.1255   0.3307
 14.05  0.00000E+00  0.00000E+00   0.7790   8.6692  13.2421  -0.0289   0.5228   0.3838  -0.1276   0.3325
 14.10  0.00000E+00  0.00000E+00   0.8052   8.6627  13.2686  -0.0277   0.5268   0.3878  -0.1297   0.3343
 4.02  51
 11.60  7.58282E-01  2.04780E-01  -0.5153   8.9209  12.2754  -0.7109   0.7280   0.2677  -0.0304   0.1136
 11.65  7.14735E-01  1.94713E-01  -0.4789   8.9193  12.3108  -0.5850   0.7280   0.2742  -0.0304   0.1109
 11.70  6.71188E-01  1.84645E-01  -0.4425   8.9178  12.3436  -0.4609   0.7280   0.2789  -0.0304   0.1090
 11.75  6.27641E-01  1.74577E-01  -0.4061   8.9163  12.3740  -0.3266   0.7281   0.2815  -0.0304   0.1080
 11.80  5.84094E-01  1.64509E-01  -0.3697   8.9148  12.4017  -0.3243   0.7282   0.2546  -0.0304   0.1194
 11.85  5.40547E-01  1.54441E-01  -0.3333   8.9133  12.4270  -0.3364   0.7278   0.2474  -0.0304   0.1230
 11.90  4.97000E-01  1.44374E-01  -0.2969   8.9117  12.4497  -0.2692   0.7283   0.2475  -0.0304   0.1228
 11.95  4.53453E-01  1.34306E-01  -0.2605   8.9102  12.4698  -0.0864   0.7278   0.2572  -0.0304   0.1183
 12.00  4.09901E-01  1.24237E-01  -0.2241   8.9087  12.4875  -0.0663   0.7297   0.2534  -0.0303   0.1195
 12.05  3.69867E-01  1.15013E-01  -0.1890   8.9070  12.5025  -0.0578   0.6425   0.2496  -0.0386   0.1547
 12.10  3.46341E-01  1.09817E-01  -0.1600   8.9048  12.5151  -0.0701   0.5462   0.2445  -0.0484   0.1979
 12.15  3.27386E-01  1.05798E-01  -0.1332   8.9023  12.5264  -0.1000   0.5206   0.2379  -0.0526   0.2211
 12.20  3.11637E-01  1.02611E-01  -0.1080   8.8995  12.5372  -0.1148   0.4911   0.2339  -0.0570   0.2438
 12.25  2.98471E-01  1.00160E-01  -0.0839   8.8966  12.5480  -0.1168   0.4727   0.2322  -0.0596   0.2568
 12.30  2.87265E-01  9.83504E-02  -0.0607   8.8936  12.5590  -0.1172   0.4581   0.2310  -0.0615   0.2661
 12.35  2.77400E-01  9.70889E-02  -0.0380   8.8905  12.5704  -0.1156   0.4476   0.2303  -0.0626   0.2716
 12.40  2.68254E-01  9.62816E-02  -0.0159   8.8874  12.5828  -0.1116   0.4401   0.2302  -0.0630   0.2737
 12.45  2.59207E-01  9.58344E-02   0.0060   8.8842  12.5962  -0.1063   0.4352   0.2304  -0.0631   0.2740
 12.50  2.49834E-01  9.56183E-02   0.0277   8.8810  12.6108  -0.1005   0.4324   0.2313  -0.0646   0.2793
 12.55  2.40055E-01  9.54417E-02   0.0493   8.8777  12.6264  -0.0946   0.4312   0.2331  -0.0684   0.2933
 12.60  2.29829E-01  9.51065E-02   0.0708   8.8741  12.6425  -0.0889   0.4317   0.2357  -0.0743   0.3152
 12.65  2.19113E-01  9.44145E-02   0.0925   8.8702  12.6589  -0.0837   0.4340   0.2390  -0.0827   0.3459
 12.70  2.07871E-01  9.31790E-02   0.1143   8.8659  12.6753  -0.0794   0.4375   0.2429  -0.0926   0.3814
 12.75  1.96145E-01  9.13542E-02   0.1362   8.8610  12.6915  -0.0758   0.4414   0.2468  -0.1022   0.4142
 12.80  1.84024E-01  8.89886E-02   0.1584   8.8556  12.7077  -0.0729   0.4453   0.2508  -0.1109   0.4423
 12.85  1.71600E-01  8.61321E-02   0.1808   8.8499  12.7240  -0.0706   0.4493   0.2550  -0.1189   0.4661
 12.90  1.58965E-01  8.28347E-02   0.2033   8.8438  12.7403  -0.0688   0.4534   0.2593  -0.1259   0.4855
 12.95  1.46210E-01  7.91464E-02   0.2261   8.8373  12.7569  -0.0675   0.4576   0.2637  -0.1320   0.5004
 13.00  1.33428E-01  7.51174E-02   0.2491   8.8306  12.7738  -0.0666   0.4619   0.2683  -0.1371   0.5109
 13.05  1.20710E-01  7.07975E-02   0.2723   8.8236  12.7910  -0.0661   0.4664   0.2730  -0.1412   0.5170
 13.10  1.08148E-01  6.62369E-02   0.2957   8.8165  12.8088  -0.0659   0.4710   0.2778  -0.1441   0.5188
 13.15  9.58337E-02  6.14855E-02   0.3194   8.8092  12.8271  -0.0659   0.4757   0.2826  -0.1459   0.5162
 13.20  8.38584E-02  5.65934E-02   0.3433   8.8019  12.8460  -0.0660   0.4805   0.2874  -0.1464   0.5093
 13.25  7.23140E-02  5.16106E-02   0.3675   8.7946  12.8656  -0.0661   0.4855   0.2922  -0.1456   0.4983
 13.30  6.12922E-02  4.65871E-02   0.3919   8.7874  12.8860  -0.0660   0.4907   0.2969  -0.1434   0.4829
 13.35  5.08849E-02  4.15730E-02   0.4165   8.7803  12.9069  -0.0658   0.4960   0.3014  -0.1397   0.4633
 13.40  4.11837E-02  3.66182E-02   0.4415   8.7735  12.9285  -0.0651   0.5015   0.3058  -0.1343   0.4393
 13.45  3.22803E-02  3.17728E-02   0.4667   8.7669  12.9507  -0.0640   0.5071   0.3098  -0.1273   0.4110
 13.50  2.42664E-02  2.70868E-02   0.4922   8.7608  12.9734  -0.0621   0.5130   0.3136  -0.1183   0.3772
 13.55  1.72339E-02  2.26103E-02   0.5180   8.7551  12.9966  -0.0592   0.5181   0.3172  -0.1092   0.3442
 13.60  1.12742E-02  1.83932E-02   0.5439   8.7498  13.0202  -0.0554   0.5205   0.3214  -0.1037   0.3229
 13.65  6.47934E-03  1.44856E-02   0.5700   8.7446  13.0443  -0.0512   0.5194   0.3260  -0.1033   0.3167
 13.70  2.94085E-03  1.09375E-02   0.5958   8.7394  13.0688  -0.0474   0.5160   0.3312  -0.1062   0.3208
 13.75  7.50500E-04  7.79899E-03   0.6216   8.7340  13.0936  -0.0443   0.5132   0.3366  -0.1096   0.3256
 13.80  0.00000E+00  5.12000E-03   0.6472   8.7284  13.1187  -0.0420   0.5122   0.3419  -0.1121   0.3279
 13.85  0.00000E+00  2.95058E-03   0.6728   8.7228  13.1440  -0.0402   0.5128   0.3471  -0.1140   0.3284
 13.90  0.00000E+00  1.34076E-03   0.6985   8.7171  13.1696  -0.0387   0.5149   0.3522  -0.1153   0.3274
 13.95  0.00000E+00  3.40566E-04   0.7243   8.7113  13.1954  -0.0372   0.5179   0.3571  -0.1168   0.3270
 14.00  0.00000E+00  0.00000E+00   0.7503   8.7054  13.2214  -0.0358   0.5212   0.3620  -0.1191   0.3289
 14.05  0.00000E+00  0.00000E+00   0.7764   8.6993  13.2474  -0.0344   0.5249   0.3666  -0.1219   0.3325
 14.10  0.00000E+00  0.00000E+00   0.8028   8.6932  13.2736  -0.0330   0.5289   0.3710  -0.1247   0.3362
 4.10  51
 11.60  6.67134E-01  2.76773E-01  -0.5518   8.9437  12.3352  -0.4411   0.8214   0.2082  -0.0367   0.1761
 11.65  6.22005E-01  2.58968E-01  -0.5107   8.9419  12.3743  -0.5459   0.8196   0.1831  -0.0368   0.2011
 11.70  5.76875E-01  2.41164E-01  -0.4697   8.9401  12.4097  -0.6445   0.8257   0.1647  -0.0363   0.2203
 11.75  5.31745E-01  2.23359E-01  -0.4283   8.9383  12.4414  -0.7679   0.8237   0.1553  -0.0364   0.2346
 11.80  4.86615E-01  2.05555E-01  -0.3874   8.9364  12.4693  -0.4176   0.8165   0.2546  -0.0371   0.1459
 11.85  4.41486E-01  1.87750E-01  -0.3478   8.9345  12.4936  -0.0613   0.7403   0.2759  -0.0437   0.1583
 11.90  3.96356E-01  1.69946E-01  -0.3092   8.9324  12.5142  -0.0373   0.9175   0.2668  -0.0287   0.1075
 11.95  3.49713E-01  1.51567E-01  -0.2603   8.9312  12.5308  -0.0625   0.8385   0.2550  -0.0345   0.1353
 12.00  3.17798E-01  1.38787E-01  -0.2284   8.9287  12.5425  -0.1148   0.5741   0.2427  -0.0541   0.2229
 12.05  3.02520E-01  1.32418E-01  -0.1982   8.9262  12.5508  -0.1757   0.5927   0.2323  -0.0500   0.2153
 12.10  2.90192E-01  1.27372E-01  -0.1705   8.9236  12.5587  -0.1895   0.5292   0.2276  -0.0547   0.2404
 12.15  2.78559E-01  1.22786E-01  -0.1446   8.9208  12.5667  -0.1897   0.5053   0.2252  -0.0569   0.2525
 12.20  2.67800E-01  1.18703E-01  -0.1199   8.9179  12.5750  -0.1872   0.4851   0.2236  -0.0595   0.2659
 12.25  2.58093E-01  1.15162E-01  -0.0960   8.9149  12.5835  -0.1834   0.4735   0.2221  -0.0618   0.2782
 12.30  2.49468E-01  1.12180E-01  -0.0725   8.9117  12.5924  -0.1768   0.4649   0.2209  -0.0635   0.2876
 12.35  2.41598E-01  1.09720E-01  -0.0495   8.9085  12.6019  -0.1687   0.4578   0.2200  -0.0643   0.2924
 12.40  2.34105E-01  1.07733E-01  -0.0267   8.9053  12.6125  -0.1600   0.4520   0.2193  -0.0643   0.2932
 12.45  2.26608E-01  1.06172E-01  -0.0042   8.9021  12.6244  -0.1512   0.4474   0.2189  -0.0634   0.2898
 12.50  2.18762E-01  1.04975E-01   0.0181   8.8990  12.6379  -0.1426   0.4441   0.2191  -0.0631   0.2878
 12.55  2.10457E-01  1.03974E-01   0.0402   8.8958  12.6527  -0.1343   0.4423   0.2204  -0.0650   0.2949
 12.60  2.01687E-01  1.02954E-01   0.0623   8.8924  12.6684  -0.1265   0.4418   0.2227  -0.0694   0.3117
 12.65  1.92447E-01  1.01701E-01   0.0844   8.8888  12.6845  -0.1193   0.4428   0.2260  -0.0764   0.3380
 12.70  1.82730E-01  1.00002E-01   0.1066   8.8847  12.7005  -0.1128   0.4452   0.2302  -0.0856   0.3720
 12.75  1.72564E-01  9.77366E-02   0.1289   8.8802  12.7162  -0.1070   0.4481   0.2348  -0.0952   0.4054
 12.80  1.62024E-01  9.49390E-02   0.1514   8.8752  12.7316  -0.1017   0.4510   0.2395  -0.1037   0.4332
 12.85  1.51193E-01  9.16602E-02   0.1740   8.8699  12.7470  -0.0969   0.4542   0.2443  -0.1115   0.4564
 12.90  1.40155E-01  8.79509E-02   0.1968   8.8641  12.7623  -0.0926   0.4575   0.2493  -0.1184   0.4748
 12.95  1.28991E-01  8.38618E-02   0.2198   8.8580  12.7778  -0.0888   0.4610   0.2545  -0.1244   0.4887
 13.00  1.17784E-01  7.94435E-02   0.2429   8.8517  12.7935  -0.0855   0.4647   0.2597  -0.1294   0.4981
 13.05  1.06616E-01  7.47468E-02   0.2663   8.8451  12.8095  -0.0826   0.4686   0.2649  -0.1334   0.5034
 13.10  9.55714E-02  6.98223E-02   0.2898   8.8384  12.8260  -0.0802   0.4728   0.2702  -0.1363   0.5045
 13.15  8.47311E-02  6.47207E-02   0.3136   8.8315  12.8432  -0.0781   0.4771   0.2754  -0.1382   0.5016
 13.20  7.41781E-02  5.94926E-02   0.3375   8.8246  12.8610  -0.0764   0.4817   0.2805  -0.1389   0.4950
 13.25  6.39950E-02  5.41888E-02   0.3617   8.8176  12.8796  -0.0749   0.4865   0.2854  -0.1383   0.4846
 13.30  5.42642E-02  4.88599E-02   0.3862   8.8108  12.8991  -0.0738   0.4917   0.2900  -0.1365   0.4705
 13.35  4.50685E-02  4.35566E-02   0.4109   8.8040  12.9192  -0.0730   0.4971   0.2943  -0.1332   0.4528
 13.40  3.64902E-02  3.83296E-02   0.4359   8.7975  12.9401  -0.0723   0.5029   0.2980  -0.1285   0.4312
 13.45  2.86120E-02  3.32294E-02   0.4612   8.7912  12.9616  -0.0718   0.5090   0.3011  -0.1222   0.4058
 13.50  2.15163E-02  2.83070E-02   0.4868   8.7853  12.9837  -0.0714   0.5157   0.3035  -0.1139   0.3755
 13.55  1.52859E-02  2.36128E-02   0.5128   8.7798  13.0064  -0.0711   0.5220   0.3051  -0.1050   0.3441
 13.60  1.00031E-02  1.91976E-02   0.5390   8.7747  13.0295  -0.0701   0.5256   0.3066  -0.0988   0.3223
 13.65  5.75056E-03  1.51120E-02   0.5653   8.7698  13.0532  -0.0683   0.5251   0.3085  -0.0974   0.3158
 13.70  2.61084E-03  1.14067E-02   0.5914   8.7649  13.0772  -0.0654   0.5217   0.3109  -0.0997   0.3208
 13.75  6.66467E-04  8.13250E-03   0.6174   8.7599  13.1017  -0.0618   0.5183   0.3137  -0.1029   0.3279
 13.80  0.00000E+00  5.33994E-03   0.6433   8.7547  13.1265  -0.0579   0.5168   0.3167  -0.1052   0.3321
 13.85  0.00000E+00  3.07973E-03   0.6691   8.7494  13.1515  -0.0538   0.5169   0.3199  -0.1068   0.3340
 13.90  0.00000E+00  1.40255E-03   0.6950   8.7440  13.1768  -0.0498   0.5187   0.3234  -0.1079   0.3336
 13.95  0.00000E+00  3.59084E-04   0.7210   8.7386  13.2023  -0.0461   0.5215   0.3273  -0.1089   0.3327
 14.00  0.00000E+00  0.00000E+00   0.7472   8.7331  13.2280  -0.0427   0.5246   0.3318  -0.1106   0.3335
 14.05  0.00000E+00  0.00000E+00   0.7735   8.7275  13.2537  -0.0397   0.5280   0.3368  -0.1129   0.3353
 14.10  0.00000E+00  0.00000E+00   0.8000   8.7218  13.2796  -0.0372   0.5317   0.3425  -0.1153   0.3365
 4.18  51
 11.60  5.67139E-01  4.08274E-01  -0.5941   8.9572  12.4375  -0.4792   0.5882   0.2621  -0.0810   0.3088
 11.65  6.11475E-01  3.88525E-01  -0.5640   8.9535  12.4088  -0.4206   0.6559   0.2729  -0.0609   0.2230
 11.70  6.47300E-01  3.52700E-01  -0.5324   8.9503  12.4098  -0.3305   0.4921   0.2812  -0.0879   0.3127
 11.75  5.94358E-01  3.73097E-01  -0.5034   8.9479  12.4525  -0.2485   1.0122   0.2809   0.0772  -0.2749
 11.80  4.20776E-01  2.64394E-01  -0.4282   8.9560  12.5325  -0.1982   1.7100   0.2737   0.1210  -0.4419
 11.85  3.17713E-01  2.00395E-01  -0.3537   8.9564  12.5721  -0.1846   1.1251   0.2651  -0.0517   0.1950
 11.90  2.90387E-01  1.81189E-01  -0.3134   8.9536  12.5802  -0.2001   0.6768   0.2567  -0.0574   0.2238
 11.95  2.70603E-01  1.67641E-01  -0.2785   8.9506  12.5875  -0.3405   0.6795   0.2389  -0.0612   0.2559
 12.00  2.58742E-01  1.59629E-01  -0.2468   8.9476  12.5926  -0.3243   0.6043   0.2342  -0.0606   0.2586
 12.05  2.48978E-01  1.52591E-01  -0.2175   8.9446  12.5976  -0.3076   0.5664   0.2292  -0.0597   0.2604
 12.10  2.40279E-01  1.45943E-01  -0.1900   8.9416  12.6029  -0.2966   0.5362   0.2248  -0.0600   0.2668
 12.15  2.32514E-01  1.39844E-01  -0.1637   8.9386  12.6087  -0.2846   0.5164   0.2216  -0.0612   0.2761
 12.20  2.25552E-01  1.34449E-01  -0.1383   8.9355  12.6151  -0.2710   0.5020   0.2192  -0.0628   0.2866
 12.25  2.19226E-01  1.29804E-01  -0.1135   8.9323  12.6221  -0.2569   0.4908   0.2174  -0.0641   0.2948
 12.30  2.13329E-01  1.25836E-01  -0.0892   8.9291  12.6297  -0.2435   0.4815   0.2161  -0.0647   0.2994
 12.35  2.07653E-01  1.22463E-01  -0.0653   8.9258  12.6380  -0.2308   0.4740   0.2153  -0.0648   0.3011
 12.40  2.01988E-01  1.19606E-01  -0.0417   8.9226  12.6470  -0.2184   0.4679   0.2147  -0.0645   0.3003
 12.45  1.96126E-01  1.17183E-01  -0.0185   8.9194  12.6566  -0.2063   0.4632   0.2141  -0.0636   0.2972
 12.50  1.89858E-01  1.15115E-01   0.0046   8.9162  12.6670  -0.1945   0.4598   0.2136  -0.0625   0.2928
 12.55  1.83046E-01  1.13288E-01   0.0275   8.9131  12.6781  -0.1831   0.4575   0.2138  -0.0628   0.2940
 12.60  1.75704E-01  1.11517E-01   0.0504   8.9099  12.6898  -0.1723   0.4563   0.2152  -0.0657   0.3052
 12.65  1.67867E-01  1.09607E-01   0.0732   8.9065  12.7022  -0.1622   0.4563   0.2178  -0.0709   0.3255
 12.70  1.59571E-01  1.07362E-01   0.0960   8.9028  12.7153  -0.1530   0.4574   0.2215  -0.0787   0.3552
 12.75  1.50856E-01  1.04611E-01   0.1189   8.8986  12.7290  -0.1445   0.4593   0.2261  -0.0877   0.3879
 12.80  1.41784E-01  1.01339E-01   0.1420   8.8940  12.7434  -0.1367   0.4614   0.2307  -0.0961   0.4164
 12.85  1.32430E-01  9.75969E-02   0.1651   8.8890  12.7583  -0.1295   0.4637   0.2354  -0.1035   0.4398
 12.90  1.22870E-01  9.34369E-02   0.1883   8.8837  12.7739  -0.1229   0.4662   0.2402  -0.1102   0.4587
 12.95  1.13175E-01  8.89098E-02   0.2117   8.8780  12.7900  -0.1168   0.4688   0.2451  -0.1159   0.4731
 13.00  1.03422E-01  8.40670E-02   0.2352   8.8721  12.8067  -0.1113   0.4717   0.2500  -0.1208   0.4832
 13.05  9.36849E-02  7.89600E-02   0.2589   8.8660  12.8239  -0.1064   0.4748   0.2549  -0.1247   0.4892
 13.10  8.40371E-02  7.36399E-02   0.2827   8.8597  12.8417  -0.1020   0.4781   0.2599  -0.1277   0.4912
 13.15  7.45534E-02  6.81583E-02   0.3067   8.8532  12.8600  -0.0980   0.4817   0.2649  -0.1297   0.4895
 13.20  6.53080E-02  6.25664E-02   0.3309   8.8467  12.8788  -0.0946   0.4855   0.2697  -0.1306   0.4841
 13.25  5.63752E-02  5.69156E-02   0.3553   8.8402  12.8981  -0.0917   0.4896   0.2745  -0.1304   0.4752
 13.30  4.78295E-02  5.12572E-02   0.3798   8.8337  12.9179  -0.0892   0.4940   0.2790  -0.1291   0.4628
 13.35  3.97449E-02  4.56425E-02   0.4047   8.8273  12.9381  -0.0872   0.4987   0.2832  -0.1266   0.4470
 13.40  3.21959E-02  4.01231E-02   0.4297   8.8210  12.9588  -0.0856   0.5038   0.2871  -0.1228   0.4278
 13.45  2.52568E-02  3.47500E-02   0.4550   8.8150  12.9799  -0.0845   0.5093   0.2905  -0.1177   0.4051
 13.50  1.90018E-02  2.95749E-02   0.4807   8.8093  13.0014  -0.0838   0.5152   0.2932  -0.1109   0.3784
 13.55  1.35053E-02  2.46488E-02   0.5066   8.8040  13.0233  -0.0835   0.5213   0.2952  -0.1031   0.3491
 13.60  8.84153E-03  2.00233E-02   0.5328   8.7990  13.0456  -0.0831   0.5259   0.2971  -0.0969   0.3262
 13.65  5.08481E-03  1.57497E-02   0.5591   8.7942  13.0682  -0.0818   0.5276   0.2992  -0.0948   0.3167
 13.70  2.30945E-03  1.18793E-02   0.5855   8.7894  13.0912  -0.0791   0.5267   0.3018  -0.0963   0.3190
 13.75  5.89746E-04  8.46348E-03   0.6118   8.7845  13.1146  -0.0751   0.5251   0.3046  -0.0991   0.3254
 13.80  0.00000E+00  5.55355E-03   0.6380   8.7795  13.1382  -0.0704   0.5246   0.3073  -0.1013   0.3296
 13.85  0.00000E+00  3.20090E-03   0.6643   8.7744  13.1622  -0.0653   0.5251   0.3099  -0.1027   0.3314
 13.90  0.00000E+00  1.45685E-03   0.6905   8.7693  13.1865  -0.0602   0.5266   0.3124  -0.1035   0.3312
 13.95  0.00000E+00  3.72771E-04   0.7169   8.7641  13.2110  -0.0554   0.5288   0.3149  -0.1039   0.3301
 14.00  0.00000E+00  0.00000E+00   0.7434   8.7589  13.2358  -0.0511   0.5310   0.3175  -0.1050   0.3306
 14.05  0.00000E+00  0.00000E+00   0.7700   8.7536  13.2608  -0.0472   0.5334   0.3204  -0.1064   0.3322
 14.10  0.00000E+00  0.00000E+00   0.7968   8.7482  13.2861  -0.0441   0.5361   0.3234  -0.1079   0.3335
 4.26  51
 11.60  3.68450E-01  4.12945E-01  -0.6223   8.9884  12.5821  -0.2853   0.9453   0.4170  -0.0205   0.0491
 11.65  3.41859E-01  3.65676E-01  -0.5736   8.9872  12.5984  -0.1280   1.0088   0.4242  -0.0249   0.0586
 11.70  3.09283E-01  3.17310E-01  -0.5220   8.9858  12.6144   0.0066   1.0385   0.4242  -0.0360   0.0849
 11.75  2.78713E-01  2.76016E-01  -0.4711   8.9835  12.6263   0.1559   0.9839   0.4164  -0.0551   0.1322
 11.80  2.54105E-01  2.44572E-01  -0.4244   8.9804  12.6333  -0.1757   0.8811   0.3005  -0.0654   0.2177
 11.85  2.35922E-01  2.21190E-01  -0.3830   8.9771  12.6374  -0.5208   0.7785   0.2620  -0.0678   0.2586
 11.90  2.23471E-01  2.04041E-01  -0.3460   8.9737  12.6403  -0.5427   0.7094   0.2537  -0.0686   0.2702
 11.95  2.14788E-01  1.91407E-01  -0.3116   8.9702  12.6426  -0.4987   0.6685   0.2508  -0.0695   0.2773
 12.00  2.07913E-01  1.81612E-01  -0.2790   8.9667  12.6452  -0.4848   0.6363   0.2454  -0.0697   0.2841
 12.05  2.01955E-01  1.73386E-01  -0.2480   8.9633  12.6482  -0.4620   0.6016   0.2403  -0.0682   0.2837
 12.10  1.96740E-01  1.65926E-01  -0.2188   8.9599  12.6514  -0.4341   0.5703   0.2355  -0.0665   0.2822
 12.15  1.92098E-01  1.59081E-01  -0.1909   8.9566  12.6548  -0.4055   0.5477   0.2313  -0.0660   0.2852
 12.20  1.87858E-01  1.52830E-01  -0.1639   8.9533  12.6588  -0.3783   0.5309   0.2278  -0.0664   0.2914
 12.25  1.83848E-01  1.47153E-01  -0.1377   8.9500  12.6637  -0.3534   0.5184   0.2247  -0.0672   0.2992
 12.30  1.79920E-01  1.42023E-01  -0.1120   8.9466  12.6695  -0.3307   0.5082   0.2219  -0.0678   0.3053
 12.35  1.75954E-01  1.37407E-01  -0.0868   8.9432  12.6762  -0.3101   0.4996   0.2192  -0.0677   0.3087
 12.40  1.71827E-01  1.33273E-01  -0.0620   8.9398  12.6838  -0.2913   0.4925   0.2167  -0.0670   0.3095
 12.45  1.67418E-01  1.29588E-01  -0.0376   8.9365  12.6922  -0.2738   0.4866   0.2144  -0.0660   0.3078
 12.50  1.62607E-01  1.26319E-01  -0.0134   8.9332  12.7014  -0.2576   0.4818   0.2124  -0.0644   0.3030
 12.55  1.57274E-01  1.23431E-01   0.0106   8.9301  12.7114  -0.2424   0.4781   0.2108  -0.0628   0.2980
 12.60  1.51379E-01  1.20805E-01   0.0345   8.9269  12.7220  -0.2281   0.4756   0.2106  -0.0633   0.3004
 12.65  1.44967E-01  1.18231E-01   0.0582   8.9237  12.7333  -0.2147   0.4740   0.2120  -0.0665   0.3134
 12.70  1.38092E-01  1.15490E-01   0.0819   8.9202  12.7454  -0.2023   0.4736   0.2148  -0.0723   0.3365
 12.75  1.30806E-01  1.12366E-01   0.1056   8.9164  12.7581  -0.1910   0.4741   0.2188  -0.0805   0.3678
 12.80  1.23164E-01  1.08724E-01   0.1293   8.9122  12.7714  -0.1805   0.4751   0.2231  -0.0890   0.3991
 12.85  1.15235E-01  1.04598E-01   0.1531   8.9075  12.7854  -0.1707   0.4764   0.2272  -0.0966   0.4250
 12.90  1.07085E-01  1.00043E-01   0.1769   8.9025  12.7999  -0.1617   0.4778   0.2313  -0.1032   0.4464
 12.95  9.87825E-02  9.51114E-02   0.2009   8.8972  12.8151  -0.1534   0.4795   0.2353  -0.1090   0.4633
 13.00  9.03954E-02  8.98575E-02   0.2249   8.8917  12.8309  -0.1457   0.4815   0.2393  -0.1139   0.4758
 13.05  8.19914E-02  8.43352E-02   0.2490   8.8859  12.8472  -0.1386   0.4837   0.2433  -0.1178   0.4842
 13.10  7.36383E-02  7.85983E-02   0.2733   8.8799  12.8641  -0.1321   0.4862   0.2473  -0.1208   0.4886
 13.15  6.54038E-02  7.27006E-02   0.2977   8.8738  12.8816  -0.1261   0.4890   0.2512  -0.1229   0.4892
 13.20  5.73557E-02  6.66959E-02   0.3222   8.8676  12.8995  -0.1208   0.4920   0.2550  -0.1239   0.4860
 13.25  4.95619E-02  6.06381E-02   0.3469   8.8614  12.9180  -0.1159   0.4954   0.2587  -0.1239   0.4791
 13.30  4.20902E-02  5.45810E-02   0.3717   8.8552  12.9369  -0.1116   0.4992   0.2622  -0.1229   0.4686
 13.35  3.50083E-02  4.85784E-02   0.3968   8.8492  12.9564  -0.1078   0.5032   0.2655  -0.1207   0.4546
 13.40  2.83840E-02  4.26842E-02   0.4221   8.8432  12.9763  -0.1044   0.5077   0.2686  -0.1173   0.4368
 13.45  2.22852E-02  3.69522E-02   0.4476   8.8374  12.9966  -0.1015   0.5126   0.2714  -0.1127   0.4154
 13.50  1.67795E-02  3.14362E-02   0.4733   8.8319  13.0174  -0.0991   0.5179   0.2738  -0.1068   0.3901
 13.55  1.19349E-02  2.61900E-02   0.4994   8.8268  13.0386  -0.0971   0.5238   0.2757  -0.0994   0.3605
 13.60  7.81915E-03  2.12675E-02   0.5257   8.8220  13.0601  -0.0953   0.5289   0.2775  -0.0928   0.3346
 13.65  4.49996E-03  1.67226E-02   0.5522   8.8174  13.0821  -0.0931   0.5319   0.2797  -0.0898   0.3211
 13.70  2.04518E-03  1.26090E-02   0.5788   8.8129  13.1044  -0.0900   0.5326   0.2826  -0.0906   0.3207
 13.75  5.22594E-04  8.98052E-03   0.6055   8.8083  13.1271  -0.0860   0.5322   0.2861  -0.0935   0.3268
 13.80  0.00000E+00  5.89108E-03   0.6321   8.8036  13.1502  -0.0813   0.5322   0.2898  -0.0959   0.3311
 13.85  0.00000E+00  3.39448E-03   0.6587   8.7988  13.1735  -0.0762   0.5328   0.2935  -0.0976   0.3327
 13.90  0.00000E+00  1.54454E-03   0.6854   8.7938  13.1972  -0.0710   0.5341   0.2972  -0.0987   0.3321
 13.95  0.00000E+00  3.95108E-04   0.7121   8.7889  13.2211  -0.0660   0.5358   0.3007  -0.0994   0.3304
 14.00  0.00000E+00  0.00000E+00   0.7389   8.7839  13.2453  -0.0614   0.5374   0.3042  -0.1005   0.3303
 14.05  0.00000E+00  0.00000E+00   0.7658   8.7788  13.2698  -0.0572   0.5390   0.3076  -0.1020   0.3317
 14.10  0.00000E+00  0.00000E+00   0.7928   8.7737  13.2945  -0.0537   0.5407   0.3108  -0.1036   0.3333
 4.34  51
 11.60  2.04373E-01  3.73405E-01  -0.6544   9.0174  12.7022  -0.6410   0.9490   0.3291  -0.0686   0.2085
 11.65  1.99650E-01  3.44171E-01  -0.6075   9.0140  12.7039  -0.6998   0.9283   0.2991  -0.0708   0.2367
 11.70  1.94034E-01  3.16850E-01  -0.5617   9.0104  12.7053  -0.7938   0.9037   0.2733  -0.0731   0.2675
 11.75  1.87993E-01  2.91869E-01  -0.5173   9.0066  12.7061  -0.8977   0.8693   0.2576  -0.0758   0.2943
 11.80  1.82121E-01  2.69810E-01  -0.4748   9.0028  12.7062  -0.8467   0.8298   0.2781  -0.0782   0.2813
 11.85  1.76714E-01  2.50727E-01  -0.4343   8.9988  12.7056  -0.7544   0.7891   0.2803  -0.0793   0.2830
 11.90  1.71839E-01  2.34267E-01  -0.3959   8.9949  12.7048  -0.7220   0.7491   0.2751  -0.0792   0.2879
 11.95  1.67556E-01  2.20065E-01  -0.3594   8.9909  12.7041  -0.6968   0.7105   0.2690  -0.0782   0.2906
 12.00  1.63910E-01  2.07767E-01  -0.3248   8.9871  12.7039  -0.6619   0.6759   0.2643  -0.0768   0.2907
 12.05  1.60815E-01  1.97099E-01  -0.2917   8.9832  12.7043  -0.6274   0.6474   0.2594  -0.0757   0.2917
 12.10  1.58112E-01  1.87835E-01  -0.2599   8.9795  12.7052  -0.5903   0.6240   0.2538  -0.0747   0.2943
 12.15  1.55644E-01  1.79746E-01  -0.2293   8.9758  12.7067  -0.5518   0.6038   0.2481  -0.0740   0.2981
 12.20  1.53300E-01  1.72596E-01  -0.1995   8.9721  12.7087  -0.5136   0.5852   0.2427  -0.0735   0.3026
 12.25  1.50996E-01  1.66142E-01  -0.1707   8.9684  12.7115  -0.4769   0.5679   0.2382  -0.0732   0.3073
 12.30  1.48648E-01  1.60142E-01  -0.1427   8.9648  12.7152  -0.4430   0.5519   0.2345  -0.0731   0.3117
 12.35  1.46170E-01  1.54444E-01  -0.1155   8.9611  12.7199  -0.4120   0.5382   0.2311  -0.0727   0.3144
 12.40  1.43474E-01  1.49064E-01  -0.0889   8.9575  12.7257  -0.3842   0.5271   0.2277  -0.0717   0.3152
 12.45  1.40470E-01  1.44035E-01  -0.0627   8.9540  12.7324  -0.3593   0.5181   0.2241  -0.0704   0.3141
 12.50  1.37072E-01  1.39391E-01  -0.0370   8.9505  12.7400  -0.3367   0.5110   0.2205  -0.0687   0.3115
 12.55  1.33189E-01  1.35165E-01  -0.0116   8.9471  12.7484  -0.3160   0.5054   0.2168  -0.0665   0.3066
 12.60  1.28737E-01  1.31383E-01   0.0135   8.9438  12.7576  -0.2968   0.5013   0.2136  -0.0646   0.3025
 12.65  1.23713E-01  1.27928E-01   0.0385   8.9406  12.7675  -0.2791   0.4981   0.2120  -0.0650   0.3069
 12.70  1.18185E-01  1.24553E-01   0.0634   8.9373  12.7782  -0.2625   0.4960   0.2123  -0.0683   0.3219
 12.75  1.12226E-01  1.21006E-01   0.0881   8.9337  12.7896  -0.2471   0.4948   0.2144  -0.0745   0.3475
 12.80  1.05907E-01  1.17042E-01   0.1129   8.9298  12.8017  -0.2328   0.4943   0.2179  -0.0826   0.3792
 12.85  9.92944E-02  1.12569E-01   0.1376   8.9255  12.8145  -0.2194   0.4942   0.2214  -0.0905   0.4087
 12.90  9.24501E-02  1.07639E-01   0.1623   8.9208  12.8279  -0.2070   0.4944   0.2247  -0.0973   0.4328
 12.95  8.54358E-02  1.02308E-01   0.1870   8.9157  12.8420  -0.1955   0.4950   0.2278  -0.1031   0.4526
 13.00  7.83134E-02  9.66357E-02   0.2118   8.9105  12.8567  -0.1848   0.4958   0.2308  -0.1081   0.4683
 13.05  7.11444E-02  9.06785E-02   0.2366   8.9050  12.8721  -0.1749   0.4969   0.2336  -0.1121   0.4798
 13.10  6.39907E-02  8.44942E-02   0.2615   8.8993  12.8880  -0.1657   0.4983   0.2364  -0.1152   0.4874
 13.15  5.69140E-02  7.81404E-02   0.2864   8.8934  12.9045  -0.1573   0.5000   0.2391  -0.1174   0.4909
 13.20  4.99760E-02  7.16748E-02   0.3115   8.8875  12.9215  -0.1496   0.5020   0.2418  -0.1186   0.4905
 13.25  4.32383E-02  6.51549E-02   0.3366   8.8816  12.9391  -0.1425   0.5044   0.2444  -0.1188   0.4862
 13.30  3.67627E-02  5.86383E-02   0.3619   8.8757  12.9572  -0.1361   0.5071   0.2470  -0.1181   0.4781
 13.35  3.06110E-02  5.21826E-02   0.3874   8.8698  12.9759  -0.1304   0.5102   0.2494  -0.1163   0.4662
 13.40  2.48447E-02  4.58453E-02   0.4130   8.8641  12.9950  -0.1252   0.5137   0.2517  -0.1134   0.4507
 13.45  1.95258E-02  3.96841E-02   0.4387   8.8585  13.0146  -0.1207   0.5177   0.2538  -0.1095   0.4313
 13.50  1.47157E-02  3.37566E-02   0.4647   8.8531  13.0346  -0.1168   0.5220   0.2555  -0.1043   0.4083
 13.55  1.04764E-02  2.81202E-02   0.4910   8.8481  13.0551  -0.1136   0.5269   0.2569  -0.0978   0.3806
 13.60  6.86948E-03  2.28327E-02   0.5174   8.8434  13.0760  -0.1108   0.5319   0.2579  -0.0911   0.3533
 13.65  3.95666E-03  1.79516E-02   0.5441   8.8389  13.0973  -0.1080   0.5358   0.2595  -0.0869   0.3349
 13.70  1.79966E-03  1.35344E-02   0.5710   8.8346  13.1190  -0.1046   0.5382   0.2620  -0.0862   0.3292
 13.75  4.60200E-04  9.63885E-03   0.5979   8.8303  13.1411  -0.1003   0.5395   0.2653  -0.0880   0.3317
 13.80  0.00000E+00  6.32242E-03   0.6249   8.8258  13.1635  -0.0953   0.5407   0.2690  -0.0900   0.3345
 13.85  0.00000E+00  3.64274E-03   0.6520   8.8213  13.1862  -0.0898   0.5419   0.2727  -0.0914   0.3352
 13.90  0.00000E+00  1.65739E-03   0.6791   8.8167  13.2093  -0.0841   0.5431   0.2765  -0.0925   0.3344
 13.95  0.00000E+00  4.23944E-04   0.7063   8.8120  13.2326  -0.0786   0.5443   0.2801  -0.0932   0.3326
 14.00  0.00000E+00  0.00000E+00   0.7335   8.8074  13.2563  -0.0735   0.5453   0.2838  -0.0942   0.3320
 14.05  0.00000E+00  0.00000E+00   0.7608   8.8026  13.2802  -0.0688   0.5459   0.2875  -0.0959   0.3335
 14.10  0.00000E+00  0.00000E+00   0.7881   8.7978  13.3044  -0.0647   0.5464   0.2909  -0.0977   0.3357
 4.42  51
 11.60  1.20135E-01  3.72928E-01  -0.7276   9.0430  12.7933  -1.0998   0.9624   0.3130  -0.0845   0.2700
 11.65  1.21688E-01  3.51520E-01  -0.6801   9.0387  12.7905  -1.0670   0.9378   0.3106  -0.0847   0.2728
 11.70  1.22979E-01  3.31584E-01  -0.6338   9.0345  12.7876  -1.0257   0.9128   0.3087  -0.0850   0.2753
 11.75  1.23925E-01  3.12874E-01  -0.5888   9.0302  12.7848  -0.9788   0.8867   0.3058  -0.0852   0.2788
 11.80  1.24500E-01  2.95258E-01  -0.5452   9.0260  12.7820  -0.9670   0.8592   0.2948  -0.0854   0.2897
 11.85  1.24779E-01  2.78823E-01  -0.5029   9.0217  12.7792  -0.9583   0.8303   0.2895  -0.0854   0.2951
 11.90  1.24838E-01  2.63654E-01  -0.4622   9.0174  12.7765  -0.9258   0.8010   0.2863  -0.0853   0.2979
 11.95  1.24709E-01  2.49708E-01  -0.4228   9.0132  12.7738  -0.8848   0.7720   0.2832  -0.0850   0.3002
 12.00  1.24407E-01  2.36899E-01  -0.3849   9.0089  12.7714  -0.8410   0.7437   0.2794  -0.0846   0.3030
 12.05  1.23946E-01  2.25145E-01  -0.3484   9.0047  12.7694  -0.7944   0.7165   0.2752  -0.0841   0.3057
 12.10  1.23345E-01  2.14368E-01  -0.3133   9.0005  12.7681  -0.7483   0.6911   0.2711  -0.0834   0.3077
 12.15  1.22630E-01  2.04524E-01  -0.2793   8.9964  12.7673  -0.7040   0.6682   0.2669  -0.0824   0.3087
 12.20  1.21831E-01  1.95572E-01  -0.2464   8.9923  12.7672  -0.6618   0.6472   0.2625  -0.0811   0.3089
 12.25  1.20955E-01  1.87452E-01  -0.2146   8.9882  12.7677  -0.6213   0.6278   0.2579  -0.0800   0.3100
 12.30  1.19947E-01  1.80042E-01  -0.1836   8.9843  12.7690  -0.5825   0.6094   0.2532  -0.0792   0.3130
 12.35  1.18742E-01  1.73211E-01  -0.1536   8.9803  12.7713  -0.5452   0.5922   0.2483  -0.0788   0.3175
 12.40  1.17278E-01  1.66832E-01  -0.1244   8.9764  12.7748  -0.5095   0.5767   0.2435  -0.0783   0.3218
 12.45  1.15498E-01  1.60816E-01  -0.0959   8.9725  12.7793  -0.4755   0.5637   0.2387  -0.0773   0.3237
 12.50  1.13353E-01  1.55087E-01  -0.0680   8.9687  12.7848  -0.4434   0.5529   0.2340  -0.0756   0.3232
 12.55  1.10789E-01  1.49569E-01  -0.0406   8.9649  12.7914  -0.4132   0.5439   0.2295  -0.0735   0.3204
 12.60  1.07756E-01  1.44185E-01  -0.0136   8.9613  12.7988  -0.3852   0.5365   0.2250  -0.0708   0.3148
 12.65  1.04203E-01  1.38860E-01   0.0131   8.9578  12.8071  -0.3596   0.5305   0.2210  -0.0684   0.3096
 12.70  1.00136E-01  1.33547E-01   0.0395   8.9544  12.8162  -0.3365   0.5257   0.2186  -0.0684   0.3131
 12.75  9.56102E-02  1.28225E-01   0.0657   8.9510  12.8260  -0.3158   0.5221   0.2183  -0.0716   0.3280
 12.80  9.06855E-02  1.22873E-01   0.0917   8.9472  12.8366  -0.2971   0.5194   0.2198  -0.0778   0.3539
 12.85  8.54214E-02  1.17474E-01   0.1177   8.9431  12.8480  -0.2799   0.5176   0.2224  -0.0857   0.3852
 12.90  7.98773E-02  1.12006E-01   0.1435   8.9387  12.8601  -0.2639   0.5163   0.2249  -0.0929   0.4131
 12.95  7.41128E-02  1.06452E-01   0.1693   8.9339  12.8729  -0.2488   0.5153   0.2273  -0.0991   0.4357
 13.00  6.81872E-02  1.00792E-01   0.1951   8.9288  12.8863  -0.2346   0.5147   0.2299  -0.1042   0.4534
 13.05  6.21600E-02  9.50060E-02   0.2208   8.9235  12.9005  -0.2213   0.5145   0.2324  -0.1084   0.4663
 13.10  5.60908E-02  8.90749E-02   0.2465   8.9180  12.9152  -0.2088   0.5146   0.2350  -0.1116   0.4750
 13.15  5.00389E-02  8.29794E-02   0.2723   8.9123  12.9306  -0.1971   0.5152   0.2373  -0.1139   0.4798
 13.20  4.40638E-02  7.67000E-02   0.2980   8.9066  12.9466  -0.1863   0.5161   0.2394  -0.1152   0.4812
 13.25  3.82250E-02  7.02332E-02   0.3239   8.9008  12.9632  -0.1764   0.5173   0.2412  -0.1155   0.4791
 13.30  3.25820E-02  6.36384E-02   0.3498   8.8951  12.9804  -0.1672   0.5190   0.2427  -0.1149   0.4735
 13.35  2.71942E-02  5.69908E-02   0.3758   8.8893  12.9981  -0.1588   0.5210   0.2439  -0.1133   0.4644
 13.40  2.21210E-02  5.03657E-02   0.4019   8.8837  13.0163  -0.1512   0.5235   0.2450  -0.1107   0.4517
 13.45  1.74220E-02  4.38383E-02   0.4281   8.8783  13.0350  -0.1443   0.5264   0.2457  -0.1069   0.4352
 13.50  1.31566E-02  3.74838E-02   0.4545   8.8731  13.0542  -0.1381   0.5298   0.2462  -0.1022   0.4150
 13.55  9.38432E-03  3.13774E-02   0.4811   8.8681  13.0739  -0.1327   0.5337   0.2463  -0.0961   0.3902
 13.60  6.16453E-03  2.55945E-02   0.5079   8.8635  13.0941  -0.1281   0.5380   0.2461  -0.0892   0.3626
 13.65  3.55675E-03  2.02101E-02   0.5349   8.8591  13.1146  -0.1239   0.5419   0.2462  -0.0839   0.3408
 13.70  1.62042E-03  1.52996E-02   0.5621   8.8550  13.1356  -0.1197   0.5450   0.2472  -0.0819   0.3313
 13.75  4.15015E-04  1.09382E-02   0.5894   8.8509  13.1570  -0.1151   0.5473   0.2491  -0.0827   0.3319
 13.80  0.00000E+00  7.20106E-03   0.6168   8.8467  13.1787  -0.1099   0.5491   0.2518  -0.0844   0.3353
 13.85  0.00000E+00  4.16344E-03   0.6443   8.8425  13.2008  -0.1042   0.5506   0.2549  -0.0858   0.3366
 13.90  0.00000E+00  1.90057E-03   0.6719   8.8382  13.2232  -0.0985   0.5518   0.2585  -0.0869   0.3363
 13.95  0.00000E+00  4.87680E-04   0.6995   8.8338  13.2459  -0.0930   0.5527   0.2622  -0.0878   0.3349
 14.00  0.00000E+00  0.00000E+00   0.7271   8.8294  13.2689  -0.0876   0.5532   0.2657  -0.0889   0.3345
 14.05  0.00000E+00  0.00000E+00   0.7548   8.8249  13.2922  -0.0824   0.5531   0.2692  -0.0907   0.3371
 14.10  0.00000E+00  0.00000E+00   0.7824   8.8203  13.3157  -0.0778   0.5527   0.2726  -0.0929   0.3408
 4.50  51
 11.60  6.93628E-02  3.74769E-01  -0.8230   9.0682  12.8804  -1.2821   0.9992   0.3230  -0.0959   0.2969
 11.65  7.18665E-02  3.57673E-01  -0.7736   9.0635  12.8749  -1.2601   0.9782   0.3150  -0.0945   0.2998
 11.70  7.44252E-02  3.41703E-01  -0.7252   9.0588  12.8698  -1.2366   0.9566   0.3075  -0.0930   0.3026
 11.75  7.70196E-02  3.26869E-01  -0.6779   9.0542  12.8649  -1.2112   0.9340   0.3009  -0.0920   0.3056
 11.80  7.95609E-02  3.12887E-01  -0.6318   9.0496  12.8603  -1.1730   0.9113   0.2973  -0.0915   0.3077
 11.85  8.19579E-02  2.99461E-01  -0.5868   9.0450  12.8559  -1.1303   0.8885   0.2928  -0.0913   0.3119
 11.90  8.41531E-02  2.86435E-01  -0.5430   9.0404  12.8518  -1.0902   0.8649   0.2884  -0.0909   0.3153
 11.95  8.61463E-02  2.73886E-01  -0.5003   9.0359  12.8478  -1.0492   0.8403   0.2849  -0.0901   0.3162
 12.00  8.79394E-02  2.61900E-01  -0.4590   9.0314  12.8439  -1.0060   0.8153   0.2823  -0.0892   0.3158
 12.05  8.95185E-02  2.50492E-01  -0.4188   9.0270  12.8404  -0.9614   0.7904   0.2802  -0.0884   0.3157
 12.10  9.08655E-02  2.39656E-01  -0.3799   9.0226  12.8373  -0.9153   0.7658   0.2779  -0.0879   0.3163
 12.15  9.19628E-02  2.29390E-01  -0.3422   9.0182  12.8347  -0.8683   0.7417   0.2754  -0.0875   0.3178
 12.20  9.27923E-02  2.19691E-01  -0.3057   9.0138  12.8326  -0.8212   0.7184   0.2726  -0.0873   0.3203
 12.25  9.33362E-02  2.10553E-01  -0.2704   9.0095  12.8314  -0.7747   0.6959   0.2693  -0.0872   0.3238
 12.30  9.35767E-02  2.01973E-01  -0.2361   9.0051  12.8309  -0.7291   0.6745   0.2658  -0.0871   0.3276
 12.35  9.35004E-02  1.93920E-01  -0.2029   9.0008  12.8314  -0.6845   0.6553   0.2623  -0.0866   0.3301
 12.40  9.30997E-02  1.86330E-01  -0.1706   8.9965  12.8327  -0.6410   0.6383   0.2591  -0.0856   0.3304
 12.45  9.23670E-02  1.79136E-01  -0.1390   8.9922  12.8350  -0.5993   0.6230   0.2559  -0.0842   0.3292
 12.50  9.12951E-02  1.72272E-01  -0.1082   8.9880  12.8382  -0.5599   0.6093   0.2523  -0.0825   0.3271
 12.55  8.98764E-02  1.65671E-01  -0.0781   8.9840  12.8422  -0.5233   0.5969   0.2480  -0.0805   0.3246
 12.60  8.81037E-02  1.59267E-01  -0.0485   8.9800  12.8472  -0.4894   0.5857   0.2431  -0.0782   0.3218
 12.65  8.59694E-02  1.52993E-01  -0.0195   8.9761  12.8531  -0.4578   0.5755   0.2375  -0.0756   0.3184
 12.70  8.34664E-02  1.46783E-01   0.0091   8.9724  12.8599  -0.4285   0.5662   0.2320  -0.0732   0.3154
 12.75  8.05973E-02  1.40589E-01   0.0372   8.9688  12.8676  -0.4013   0.5585   0.2281  -0.0729   0.3196
 12.80  7.73808E-02  1.34388E-01   0.0649   8.9651  12.8762  -0.3763   0.5526   0.2270  -0.0757   0.3337
 12.85  7.38370E-02  1.28163E-01   0.0924   8.9612  12.8857  -0.3533   0.5482   0.2285  -0.0815   0.3568
 12.90  6.99860E-02  1.21893E-01   0.1198   8.9569  12.8960  -0.3320   0.5449   0.2314  -0.0888   0.3838
 12.95  6.58478E-02  1.15561E-01   0.1469   8.9523  12.9070  -0.3124   0.5422   0.2338  -0.0953   0.4078
 13.00  6.14426E-02  1.09147E-01   0.1740   8.9474  12.9189  -0.2942   0.5399   0.2350  -0.1007   0.4287
 13.05  5.67905E-02  1.02633E-01   0.2009   8.9422  12.9315  -0.2775   0.5381   0.2352  -0.1051   0.4471
 13.10  5.19116E-02  9.59995E-02   0.2278   8.9369  12.9449  -0.2619   0.5367   0.2350  -0.1086   0.4620
 13.15  4.68259E-02  8.92282E-02   0.2546   8.9314  12.9589  -0.2473   0.5358   0.2350  -0.1110   0.4724
 13.20  4.15536E-02  8.23000E-02   0.2814   8.9258  12.9737  -0.2335   0.5352   0.2357  -0.1126   0.4776
 13.25  3.61147E-02  7.52121E-02   0.3081   8.9202  12.9891  -0.2205   0.5351   0.2369  -0.1132   0.4778
 13.30  3.05295E-02  6.80252E-02   0.3349   8.9145  13.0052  -0.2082   0.5354   0.2384  -0.1129   0.4735
 13.35  2.48178E-02  6.08161E-02   0.3617   8.9089  13.0218  -0.1967   0.5362   0.2401  -0.1116   0.4649
 13.40  1.90000E-02  5.36616E-02   0.3885   8.9034  13.0391  -0.1861   0.5373   0.2419  -0.1095   0.4526
 13.45  1.31769E-02  4.66384E-02   0.4154   8.8980  13.0569  -0.1762   0.5389   0.2435  -0.1063   0.4367
 13.50  7.77277E-03  3.98233E-02   0.4424   8.8927  13.0752  -0.1671   0.5409   0.2448  -0.1022   0.4176
 13.55  3.29289E-03  3.32930E-02   0.4695   8.8878  13.0941  -0.1588   0.5433   0.2456  -0.0971   0.3954
 13.60  2.42398E-04  2.71242E-02   0.4968   8.8830  13.1135  -0.1514   0.5463   0.2458  -0.0909   0.3697
 13.65  0.00000E+00  2.13938E-02   0.5242   8.8787  13.1333  -0.1448   0.5495   0.2455  -0.0850   0.3463
 13.70  0.00000E+00  1.61784E-02   0.5517   8.8745  13.1536  -0.1388   0.5526   0.2455  -0.0815   0.3321
 13.75  0.00000E+00  1.15548E-02   0.5794   8.8705  13.1742  -0.1330   0.5556   0.2459  -0.0806   0.3279
 13.80  0.00000E+00  7.59971E-03   0.6073   8.8664  13.1953  -0.1273   0.5582   0.2467  -0.0813   0.3295
 13.85  0.00000E+00  4.38996E-03   0.6352   8.8623  13.2168  -0.1215   0.5603   0.2473  -0.0820   0.3314
 13.90  0.00000E+00  2.00226E-03   0.6633   8.8582  13.2386  -0.1153   0.5616   0.2478  -0.0825   0.3330
 13.95  0.00000E+00  5.13356E-04   0.6914   8.8541  13.2607  -0.1086   0.5622   0.2482  -0.0830   0.3344
 14.00  0.00000E+00  0.00000E+00   0.7195   8.8499  13.2831  -0.1027   0.5623   0.2496  -0.0837   0.3351
 14.05  0.00000E+00  0.00000E+00   0.7476   8.8457  13.3058  -0.0977   0.5614   0.2522  -0.0851   0.3374
 14.10  0.00000E+00  0.00000E+00   0.7756   8.8414  13.3287  -0.0927   0.5601   0.2552  -0.0870   0.3409
 4.58  51
 11.60  3.99965E-02  3.70255E-01  -0.9309   9.0949  12.9735  -1.3937   1.0282   0.3411  -0.1051   0.3080
 11.65  4.22255E-02  3.57873E-01  -0.8798   9.0896  12.9660  -1.3799   1.0157   0.3373  -0.1048   0.3108
 11.70  4.44655E-02  3.45496E-01  -0.8293   9.0844  12.9585  -1.3584   1.0020   0.3322  -0.1044   0.3144
 11.75  4.67225E-02  3.33306E-01  -0.7796   9.0792  12.9512  -1.3301   0.9858   0.3259  -0.1036   0.3178
 11.80  4.90023E-02  3.21483E-01  -0.7308   9.0740  12.9441  -1.2999   0.9679   0.3185  -0.1023   0.3212
 11.85  5.13053E-02  3.10125E-01  -0.6828   9.0689  12.9373  -1.2667   0.9485   0.3116  -0.1007   0.3232
 11.90  5.36251E-02  2.99213E-01  -0.6359   9.0640  12.9310  -1.2293   0.9280   0.3051  -0.0988   0.3236
 11.95  5.59545E-02  2.88725E-01  -0.5901   9.0591  12.9254  -1.1890   0.9067   0.2989  -0.0966   0.3231
 12.00  5.82701E-02  2.78611E-01  -0.5453   9.0543  12.9204  -1.1467   0.8847   0.2928  -0.0948   0.3239
 12.05  6.05141E-02  2.68765E-01  -0.5016   9.0496  12.9159  -1.1027   0.8620   0.2870  -0.0939   0.3271
 12.10  6.26296E-02  2.59096E-01  -0.4591   9.0449  12.9117  -1.0576   0.8392   0.2818  -0.0932   0.3309
 12.15  6.45852E-02  2.49601E-01  -0.4177   9.0402  12.9078  -1.0116   0.8165   0.2772  -0.0925   0.3338
 12.20  6.63562E-02  2.40302E-01  -0.3774   9.0356  12.9043  -0.9650   0.7942   0.2736  -0.0918   0.3354
 12.25  6.79180E-02  2.31220E-01  -0.3382   9.0311  12.9015  -0.9179   0.7724   0.2709  -0.0910   0.3358
 12.30  6.92460E-02  2.22378E-01  -0.3001   9.0265  12.8993  -0.8706   0.7512   0.2690  -0.0901   0.3351
 12.35  7.03157E-02  2.13797E-01  -0.2631   9.0221  12.8978  -0.8235   0.7307   0.2677  -0.0893   0.3335
 12.40  7.11014E-02  2.05499E-01  -0.2271   9.0176  12.8973  -0.7771   0.7109   0.2662  -0.0885   0.3324
 12.45  7.15647E-02  1.97502E-01  -0.1920   9.0132  12.8977  -0.7320   0.6917   0.2644  -0.0880   0.3328
 12.50  7.16579E-02  1.89818E-01  -0.1579   9.0088  12.8990  -0.6886   0.6733   0.2621  -0.0878   0.3349
 12.55  7.13375E-02  1.82454E-01  -0.1247   9.0044  12.9013  -0.6472   0.6561   0.2593  -0.0875   0.3373
 12.60  7.05940E-02  1.75346E-01  -0.0922   9.0001  12.9046  -0.6081   0.6409   0.2559  -0.0864   0.3378
 12.65  6.94345E-02  1.68393E-01  -0.0605   8.9958  12.9088  -0.5712   0.6276   0.2519  -0.0847   0.3364
 12.70  6.78664E-02  1.61496E-01  -0.0295   8.9916  12.9139  -0.5362   0.6158   0.2472  -0.0824   0.3335
 12.75  6.58970E-02  1.54556E-01   0.0011   8.9876  12.9200  -0.5028   0.6054   0.2419  -0.0797   0.3293
 12.80  6.35380E-02  1.47493E-01   0.0311   8.9836  12.9269  -0.4715   0.5964   0.2370  -0.0783   0.3304
 12.85  6.08174E-02  1.40299E-01   0.0607   8.9797  12.9347  -0.4423   0.5886   0.2336  -0.0800   0.3425
 12.90  5.77665E-02  1.32984E-01   0.0900   8.9756  12.9433  -0.4153   0.5820   0.2332  -0.0846   0.3629
 12.95  5.44167E-02  1.25555E-01   0.1189   8.9712  12.9527  -0.3901   0.5765   0.2367  -0.0909   0.3839
 13.00  5.07994E-02  1.18021E-01   0.1476   8.9665  12.9629  -0.3661   0.5717   0.2444  -0.0965   0.3949
 13.05  4.69460E-02  1.10390E-01   0.1761   8.9616  12.9739  -0.3433   0.5676   0.2552  -0.1010   0.3958
 13.10  4.28879E-02  1.02670E-01   0.2044   8.9564  12.9856  -0.3220   0.5641   0.2669  -0.1046   0.3919
 13.15  3.86566E-02  9.48709E-02   0.2326   8.9511  12.9981  -0.3025   0.5613   0.2771  -0.1073   0.3870
 13.20  3.42834E-02  8.70000E-02   0.2606   8.9457  13.0113  -0.2850   0.5591   0.2844  -0.1091   0.3835
 13.25  2.97997E-02  7.90762E-02   0.2885   8.9402  13.0251  -0.2691   0.5574   0.2888  -0.1100   0.3809
 13.30  2.52370E-02  7.11589E-02   0.3163   8.9347  13.0396  -0.2547   0.5563   0.2909  -0.1102   0.3788
 13.35  2.06266E-02  6.33179E-02   0.3441   8.9292  13.0548  -0.2415   0.5557   0.2908  -0.1095   0.3766
 13.40  1.60000E-02  5.56226E-02   0.3719   8.9238  13.0705  -0.2292   0.5557   0.2888  -0.1080   0.3741
 13.45  1.14357E-02  4.81428E-02   0.3997   8.9184  13.0869  -0.2176   0.5562   0.2852  -0.1057   0.3708
 13.50  7.20091E-03  4.09480E-02   0.4275   8.9132  13.1038  -0.2065   0.5572   0.2801  -0.1026   0.3664
 13.55  3.60994E-03  3.41080E-02   0.4554   8.9082  13.1213  -0.1956   0.5588   0.2739  -0.0987   0.3603
 13.60  9.77137E-04  2.76923E-02   0.4834   8.9034  13.1393  -0.1847   0.5610   0.2668  -0.0938   0.3516
 13.65  0.00000E+00  2.17706E-02   0.5115   8.8988  13.1578  -0.1737   0.5636   0.2589  -0.0884   0.3415
 13.70  0.00000E+00  1.64126E-02   0.5398   8.8945  13.1768  -0.1622   0.5660   0.2515  -0.0843   0.3353
 13.75  0.00000E+00  1.16878E-02   0.5681   8.8903  13.1962  -0.1510   0.5677   0.2455  -0.0825   0.3362
 13.80  0.00000E+00  7.66586E-03   0.5965   8.8862  13.2161  -0.1412   0.5690   0.2419  -0.0824   0.3408
 13.85  0.00000E+00  4.41650E-03   0.6250   8.8821  13.2364  -0.1333   0.5699   0.2409  -0.0827   0.3434
 13.90  0.00000E+00  2.00931E-03   0.6535   8.8779  13.2572  -0.1282   0.5704   0.2423  -0.0828   0.3417
 13.95  0.00000E+00  5.13935E-04   0.6821   8.8738  13.2782  -0.1260   0.5706   0.2456  -0.0828   0.3371
 14.00  0.00000E+00  0.00000E+00   0.7106   8.8697  13.2997  -0.1223   0.5704   0.2467  -0.0827   0.3352
 14.05  0.00000E+00  0.00000E+00   0.7391   8.8655  13.3215  -0.1161   0.5695   0.2458  -0.0831   0.3382
 14.10  0.00000E+00  0.00000E+00   0.7675   8.8613  13.3435  -0.1105   0.5683   0.2462  -0.0839   0.3409
 4.66  51
 11.60  2.28695E-02  3.51897E-01  -1.0434   9.1224  13.0712  -1.4086   1.0323   0.3430  -0.1068   0.3114
 11.65  2.45647E-02  3.44700E-01  -0.9919   9.1170  13.0633  -1.4070   1.0293   0.3430  -0.1082   0.3154
 11.70  2.63288E-02  3.37115E-01  -0.9405   9.1115  13.0552  -1.4041   1.0254   0.3428  -0.1094   0.3191
 11.75  2.81524E-02  3.29221E-01  -0.8894   9.1061  13.0469  -1.3978   1.0189   0.3421  -0.1101   0.3218
 11.80  3.00242E-02  3.21082E-01  -0.8387   9.1005  13.0386  -1.3846   1.0097   0.3404  -0.1103   0.3240
 11.85  3.19329E-02  3.12765E-01  -0.7885   9.0950  13.0303  -1.3650   0.9981   0.3373  -0.1100   0.3261
 11.90  3.38673E-02  3.04334E-01  -0.7389   9.0896  13.0221  -1.3398   0.9845   0.3328  -0.1093   0.3283
 11.95  3.58168E-02  2.95851E-01  -0.6901   9.0841  13.0142  -1.3091   0.9687   0.3271  -0.1082   0.3307
 12.00  3.77725E-02  2.87369E-01  -0.6421   9.0787  13.0066  -1.2735   0.9512   0.3206  -0.1068   0.3332
 12.05  3.97258E-02  2.78938E-01  -0.5950   9.0734  12.9994  -1.2334   0.9321   0.3136  -0.1052   0.3354
 12.10  4.16647E-02  2.70592E-01  -0.5489   9.0682  12.9928  -1.1901   0.9118   0.3066  -0.1033   0.3370
 12.15  4.35674E-02  2.62308E-01  -0.5038   9.0631  12.9869  -1.1445   0.8904   0.2998  -0.1013   0.3378
 12.20  4.54112E-02  2.54064E-01  -0.4598   9.0581  12.9816  -1.0978   0.8684   0.2933  -0.0991   0.3380
 12.25  4.71773E-02  2.45887E-01  -0.4170   9.0532  12.9771  -1.0509   0.8462   0.2871  -0.0970   0.3379
 12.30  4.88464E-02  2.37821E-01  -0.3752   9.0484  12.9734  -1.0044   0.8243   0.2814  -0.0951   0.3381
 12.35  5.03766E-02  2.29856E-01  -0.3345   9.0437  12.9705  -0.9584   0.8031   0.2761  -0.0938   0.3398
 12.40  5.17084E-02  2.21945E-01  -0.2949   9.0390  12.9684  -0.9129   0.7829   0.2713  -0.0931   0.3432
 12.45  5.27987E-02  2.14067E-01  -0.2562   9.0344  12.9670  -0.8679   0.7631   0.2671  -0.0925   0.3464
 12.50  5.36404E-02  2.06272E-01  -0.2186   9.0298  12.9663  -0.8233   0.7438   0.2635  -0.0917   0.3481
 12.55  5.41698E-02  1.98557E-01  -0.1818   9.0252  12.9662  -0.7791   0.7250   0.2609  -0.0909   0.3483
 12.60  5.42968E-02  1.90894E-01  -0.1460   9.0207  12.9671  -0.7358   0.7070   0.2589  -0.0899   0.3472
 12.65  5.39595E-02  1.83254E-01  -0.1111   9.0162  12.9689  -0.6939   0.6902   0.2569  -0.0890   0.3463
 12.70  5.31759E-02  1.75615E-01  -0.0770   9.0118  12.9718  -0.6538   0.6750   0.2544  -0.0883   0.3469
 12.75  5.19785E-02  1.67959E-01  -0.0436   9.0074  12.9756  -0.6158   0.6613   0.2510  -0.0877   0.3493
 12.80  5.03996E-02  1.60262E-01  -0.0108   9.0030  12.9804  -0.5795   0.6488   0.2467  -0.0873   0.3538
 12.85  4.84717E-02  1.52506E-01   0.0213   8.9987  12.9861  -0.5450   0.6377   0.2426  -0.0866   0.3569
 12.90  4.62272E-02  1.44670E-01   0.0530   8.9944  12.9928  -0.5122   0.6283   0.2400  -0.0848   0.3535
 12.95  4.36985E-02  1.36732E-01   0.0842   8.9902  13.0003  -0.4812   0.6206   0.2401  -0.0817   0.3403
 13.00  4.09181E-02  1.28672E-01   0.1150   8.9862  13.0087  -0.4521   0.6141   0.2423  -0.0785   0.3239
 13.05  3.79182E-02  1.20469E-01   0.1456   8.9823  13.0179  -0.4251   0.6077   0.2457  -0.0784   0.3189
 13.10  3.47315E-02  1.12104E-01   0.1758   8.9783  13.0280  -0.4002   0.6012   0.2495  -0.0825   0.3307
 13.15  3.13901E-02  1.03554E-01   0.2057   8.9740  13.0388  -0.3770   0.5948   0.2532  -0.0900   0.3553
 13.20  2.79267E-02  9.48000E-02   0.2353   8.9693  13.0504  -0.3554   0.5890   0.2569  -0.0978   0.3806
 13.25  2.43735E-02  8.58431E-02   0.2646   8.9642  13.0627  -0.3353   0.5844   0.2604  -0.1039   0.3988
 13.30  2.07631E-02  7.67738E-02   0.2938   8.9589  13.0757  -0.3163   0.5809   0.2636  -0.1085   0.4116
 13.35  1.71278E-02  6.77048E-02   0.3227   8.9534  13.0894  -0.2985   0.5784   0.2663  -0.1117   0.4195
 13.40  1.35000E-02  5.87489E-02   0.3516   8.9478  13.1038  -0.2818   0.5769   0.2685  -0.1136   0.4232
 13.45  9.94019E-03  5.00187E-02   0.3804   8.9421  13.1189  -0.2660   0.5763   0.2699  -0.1142   0.4232
 13.50  6.62086E-03  4.16272E-02   0.4092   8.9364  13.1345  -0.2512   0.5766   0.2706  -0.1136   0.4197
 13.55  3.74257E-03  3.36869E-02   0.4381   8.9307  13.1507  -0.2373   0.5778   0.2703  -0.1116   0.4128
 13.60  1.50583E-03  2.63106E-02   0.4670   8.9252  13.1675  -0.2242   0.5800   0.2689  -0.1083   0.4027
 13.65  1.11192E-04  1.96111E-02   0.4961   8.9199  13.1849  -0.2121   0.5833   0.2664  -0.1036   0.3890
 13.70  0.00000E+00  1.37011E-02   0.5254   8.9149  13.2027  -0.2007   0.5862   0.2627  -0.0981   0.3734
 13.75  0.00000E+00  8.69334E-03   0.5547   8.9101  13.2211  -0.1897   0.5872   0.2588  -0.0927   0.3583
 13.80  0.00000E+00  4.70053E-03   0.5840   8.9056  13.2399  -0.1792   0.5858   0.2552  -0.0875   0.3431
 13.85  0.00000E+00  1.83543E-03   0.6133   8.9014  13.2592  -0.1696   0.5826   0.2520  -0.0829   0.3289
 13.90  0.00000E+00  2.10784E-04   0.6423   8.8973  13.2789  -0.1608   0.5764   0.2492  -0.0779   0.3125
 13.95  0.00000E+00  0.00000E+00   0.6710   8.8935  13.2989  -0.1528   0.5747   0.2467  -0.0781   0.3165
 14.00  0.00000E+00  0.00000E+00   0.6998   8.8894  13.3194  -0.1454   0.5804   0.2444  -0.0844   0.3451
 14.05  0.00000E+00  0.00000E+00   0.7289   8.8851  13.3402  -0.1383   0.5809   0.2426  -0.0856   0.3529
 14.10  0.00000E+00  0.00000E+00   0.7579   8.8809  13.3613  -0.1314   0.5775   0.2417  -0.0835   0.3453
 4.74  51
 11.60  1.29792E-02  3.21938E-01  -1.1562   9.1495  13.1684  -1.4225   1.0435   0.3353  -0.1073   0.3199
 11.65  1.41262E-02  3.19328E-01  -1.1042   9.1441  13.1608  -1.4098   1.0351   0.3346  -0.1075   0.3211
 11.70  1.53295E-02  3.15936E-01  -1.0527   9.1387  13.1531  -1.4018   1.0275   0.3349  -0.1078   0.3220
 11.75  1.66013E-02  3.11940E-01  -1.0014   9.1333  13.1453  -1.3964   1.0243   0.3358  -0.1092   0.3252
 11.80  1.79503E-02  3.07495E-01  -0.9502   9.1278  13.1372  -1.3914   1.0229   0.3366  -0.1109   0.3295
 11.85  1.93702E-02  3.02656E-01  -0.8992   9.1222  13.1289  -1.3850   1.0194   0.3372  -0.1122   0.3326
 11.90  2.08506E-02  2.97446E-01  -0.8483   9.1166  13.1205  -1.3759   1.0143   0.3374  -0.1131   0.3351
 11.95  2.23810E-02  2.91893E-01  -0.7977   9.1109  13.1119  -1.3632   1.0077   0.3369  -0.1136   0.3371
 12.00  2.39512E-02  2.86022E-01  -0.7476   9.1052  13.1034  -1.3457   0.9995   0.3355  -0.1137   0.3388
 12.05  2.55524E-02  2.79879E-01  -0.6978   9.0996  13.0950  -1.3226   0.9890   0.3331  -0.1134   0.3404
 12.10  2.71823E-02  2.73582E-01  -0.6487   9.0939  13.0868  -1.2942   0.9753   0.3297  -0.1127   0.3420
 12.15  2.88400E-02  2.67262E-01  -0.6003   9.0883  13.0789  -1.2609   0.9590   0.3251  -0.1117   0.3435
 12.20  3.05156E-02  2.60995E-01  -0.5528   9.0827  13.0714  -1.2229   0.9406   0.3196  -0.1102   0.3449
 12.25  3.21629E-02  2.54607E-01  -0.5063   9.0773  13.0644  -1.1811   0.9207   0.3134  -0.1084   0.3458
 12.30  3.37306E-02  2.47901E-01  -0.4608   9.0719  13.0580  -1.1362   0.8998   0.3067  -0.1063   0.3467
 12.35  3.51933E-02  2.40894E-01  -0.4163   9.0666  13.0523  -1.0895   0.8784   0.2998  -0.1043   0.3480
 12.40  3.65351E-02  2.33682E-01  -0.3730   9.0615  13.0474  -1.0424   0.8569   0.2932  -0.1024   0.3491
 12.45  3.77401E-02  2.26363E-01  -0.3307   9.0564  13.0433  -0.9959   0.8355   0.2873  -0.1005   0.3497
 12.50  3.87947E-02  2.19011E-01  -0.2894   9.0514  13.0402  -0.9502   0.8147   0.2819  -0.0985   0.3495
 12.55  3.96867E-02  2.11677E-01  -0.2492   9.0466  13.0381  -0.9053   0.7948   0.2769  -0.0965   0.3484
 12.60  4.03865E-02  2.04376E-01  -0.2099   9.0418  13.0369  -0.8612   0.7756   0.2723  -0.0948   0.3481
 12.65  4.07965E-02  1.96994E-01  -0.1716   9.0371  13.0368  -0.8179   0.7571   0.2679  -0.0938   0.3503
 12.70  4.08051E-02  1.89394E-01  -0.1342   9.0324  13.0377  -0.7758   0.7395   0.2639  -0.0934   0.3537
 12.75  4.03666E-02  1.81506E-01  -0.0976   9.0277  13.0396  -0.7350   0.7233   0.2603  -0.0927   0.3560
 12.80  3.95144E-02  1.73351E-01  -0.0618   9.0231  13.0424  -0.6955   0.7087   0.2573  -0.0916   0.3558
 12.85  3.82870E-02  1.64956E-01  -0.0267   9.0186  13.0462  -0.6574   0.6953   0.2548  -0.0901   0.3535
 12.90  3.67227E-02  1.56345E-01   0.0077   9.0141  13.0510  -0.6208   0.6831   0.2520  -0.0884   0.3508
 12.95  3.48600E-02  1.47545E-01   0.0416   9.0097  13.0566  -0.5859   0.6717   0.2480  -0.0878   0.3540
 13.00  3.27372E-02  1.38581E-01   0.0749   9.0053  13.0632  -0.5531   0.6609   0.2417  -0.0889   0.3678
 13.05  3.03927E-02  1.29478E-01   0.1077   9.0008  13.0705  -0.5223   0.6508   0.2338  -0.0913   0.3907
 13.10  2.78650E-02  1.20264E-01   0.1400   8.9962  13.0787  -0.4929   0.6417   0.2263  -0.0940   0.4152
 13.15  2.51924E-02  1.10962E-01   0.1719   8.9914  13.0878  -0.4646   0.6337   0.2215  -0.0960   0.4337
 13.20  2.24133E-02  1.01600E-01   0.2034   8.9866  13.0976  -0.4371   0.6268   0.2206  -0.0977   0.4429
 13.25  1.95661E-02  9.22112E-02   0.2346   8.9817  13.1082  -0.4106   0.6209   0.2233  -0.0990   0.4433
 13.30  1.66892E-02  8.28649E-02   0.2655   8.9767  13.1195  -0.3854   0.6159   0.2287  -0.0999   0.4367
 13.35  1.38211E-02  7.36388E-02   0.2962   8.9717  13.1315  -0.3617   0.6116   0.2361  -0.1004   0.4253
 13.40  1.10000E-02  6.46107E-02   0.3267   8.9666  13.1442  -0.3395   0.6081   0.2450  -0.1007   0.4108
 13.45  8.27695E-03  5.58582E-02   0.3570   8.9616  13.1576  -0.3190   0.6053   0.2546  -0.1006   0.3949
 13.50  5.75297E-03  4.74590E-02   0.3872   8.9566  13.1717  -0.3003   0.6033   0.2643  -0.1002   0.3790
 13.55  3.54165E-03  3.94910E-02   0.4173   8.9516  13.1864  -0.2834   0.6018   0.2733  -0.0995   0.3639
 13.60  1.75658E-03  3.20317E-02   0.4474   8.9467  13.2016  -0.2685   0.6011   0.2810  -0.0985   0.3505
 13.65  5.11337E-04  2.51590E-02   0.4775   8.9418  13.2175  -0.2555   0.6009   0.2865  -0.0972   0.3391
 13.70  0.00000E+00  1.89504E-02   0.5075   8.9369  13.2339  -0.2447   0.6014   0.2893  -0.0956   0.3304
 13.75  0.00000E+00  1.34838E-02   0.5376   8.9322  13.2508  -0.2351   0.6014   0.2891  -0.0943   0.3262
 13.80  0.00000E+00  8.83689E-03   0.5676   8.9275  13.2682  -0.2257   0.6005   0.2856  -0.0936   0.3277
 13.85  0.00000E+00  5.08732E-03   0.5976   8.9228  13.2862  -0.2154   0.5990   0.2790  -0.0933   0.3345
 13.90  0.00000E+00  2.31284E-03   0.6275   8.9182  13.3045  -0.2032   0.5972   0.2696  -0.0928   0.3443
 13.95  0.00000E+00  5.91163E-04   0.6574   8.9136  13.3234  -0.1887   0.5956   0.2585  -0.0919   0.3554
 14.00  0.00000E+00  0.00000E+00   0.6871   8.9090  13.3426  -0.1768   0.5939   0.2503  -0.0906   0.3620
 14.05  0.00000E+00  0.00000E+00   0.7167   8.9045  13.3622  -0.1682   0.5921   0.2456  -0.0887   0.3613
 14.10  0.00000E+00  0.00000E+00   0.7463   8.9001  13.3822  -0.1593   0.5902   0.2413  -0.0866   0.3588
 4.82  51
 11.60  7.00238E-03  2.82973E-01  -1.2717   9.1760  13.2633  -1.4600   1.0821   0.3288  -0.1113   0.3384
 11.65  7.81632E-03  2.84843E-01  -1.2179   9.1705  13.2556  -1.4295   1.0674   0.3257  -0.1100   0.3376
 11.70  8.65235E-03  2.85671E-01  -1.1649   9.1650  13.2481  -1.4033   1.0537   0.3237  -0.1089   0.3366
 11.75  9.51761E-03  2.85542E-01  -1.1125   9.1596  13.2407  -1.3830   1.0424   0.3230  -0.1086   0.3361
 11.80  1.04195E-02  2.84543E-01  -1.0606   9.1542  13.2333  -1.3731   1.0332   0.3243  -0.1087   0.3353
 11.85  1.13653E-02  2.82763E-01  -1.0092   9.1487  13.2259  -1.3708   1.0259   0.3272  -0.1093   0.3342
 11.90  1.23623E-02  2.80293E-01  -0.9580   9.1432  13.2183  -1.3732   1.0202   0.3308  -0.1102   0.3332
 11.95  1.34156E-02  2.77245E-01  -0.9071   9.1377  13.2105  -1.3775   1.0161   0.3346  -0.1114   0.3329
 12.00  1.45300E-02  2.73743E-01  -0.8564   9.1321  13.2026  -1.3808   1.0136   0.3380  -0.1129   0.3339
 12.05  1.57099E-02  2.69910E-01  -0.8057   9.1264  13.1945  -1.3805   1.0110   0.3404  -0.1143   0.3357
 12.10  1.69600E-02  2.65867E-01  -0.7553   9.1207  13.1863  -1.3744   1.0067   0.3416  -0.1153   0.3376
 12.15  1.82809E-02  2.61717E-01  -0.7051   9.1149  13.1780  -1.3609   1.0007   0.3414  -0.1160   0.3397
 12.20  1.96518E-02  2.57452E-01  -0.6553   9.1091  13.1696  -1.3389   0.9929   0.3400  -0.1163   0.3421
 12.25  2.10442E-02  2.53022E-01  -0.6059   9.1033  13.1614  -1.3081   0.9827   0.3370  -0.1161   0.3447
 12.30  2.24318E-02  2.48386E-01  -0.5570   9.0975  13.1535  -1.2697   0.9693   0.3326  -0.1154   0.3471
 12.35  2.37999E-02  2.43529E-01  -0.5090   9.0917  13.1461  -1.2257   0.9526   0.3271  -0.1141   0.3489
 12.40  2.51348E-02  2.38442E-01  -0.4618   9.0861  13.1391  -1.1785   0.9326   0.3209  -0.1123   0.3499
 12.45  2.64008E-02  2.33056E-01  -0.4157   9.0805  13.1327  -1.1304   0.9111   0.3144  -0.1102   0.3504
 12.50  2.75524E-02  2.27280E-01  -0.3707   9.0751  13.1271  -1.0821   0.8898   0.3077  -0.1081   0.3515
 12.55  2.85459E-02  2.21029E-01  -0.3268   9.0697  13.1223  -1.0343   0.8686   0.3006  -0.1062   0.3534
 12.60  2.93682E-02  2.14383E-01  -0.2839   9.0644  13.1183  -0.9875   0.8475   0.2931  -0.1044   0.3563
 12.65  3.00338E-02  2.07567E-01  -0.2420   9.0593  13.1154  -0.9423   0.8271   0.2859  -0.1027   0.3591
 12.70  3.05190E-02  2.00676E-01  -0.2011   9.0542  13.1133  -0.8979   0.8078   0.2797  -0.1010   0.3610
 12.75  3.07093E-02  1.93482E-01  -0.1612   9.0492  13.1123  -0.8545   0.7896   0.2746  -0.0994   0.3619
 12.80  3.04888E-02  1.85738E-01  -0.1222   9.0442  13.1123  -0.8126   0.7724   0.2700  -0.0978   0.3623
 12.85  2.98456E-02  1.77402E-01  -0.0839   9.0394  13.1134  -0.7724   0.7565   0.2654  -0.0964   0.3632
 12.90  2.88265E-02  1.68551E-01  -0.0465   9.0346  13.1158  -0.7338   0.7420   0.2604  -0.0951   0.3651
 12.95  2.74788E-02  1.59262E-01  -0.0097   9.0299  13.1193  -0.6960   0.7288   0.2557  -0.0939   0.3671
 13.00  2.58502E-02  1.49612E-01   0.0264   9.0252  13.1241  -0.6583   0.7171   0.2535  -0.0928   0.3659
 13.05  2.39881E-02  1.39679E-01   0.0620   9.0206  13.1302  -0.6201   0.7062   0.2552  -0.0918   0.3597
 13.10  2.19398E-02  1.29540E-01   0.0970   9.0160  13.1377  -0.5817   0.6957   0.2604  -0.0909   0.3492
 13.15  1.97530E-02  1.19272E-01   0.1316   9.0115  13.1466  -0.5443   0.6857   0.2674  -0.0902   0.3373
 13.20  1.74749E-02  1.08953E-01   0.1656   9.0070  13.1568  -0.5089   0.6760   0.2749  -0.0896   0.3259
 13.25  1.51532E-02  9.86606E-02   0.1992   9.0025  13.1681  -0.4758   0.6670   0.2825  -0.0891   0.3155
 13.30  1.28352E-02  8.84712E-02   0.2323   8.9981  13.1804  -0.4454   0.6585   0.2902  -0.0889   0.3064
 13.35  1.05685E-02  7.84626E-02   0.2651   8.9936  13.1934  -0.4177   0.6508   0.2976  -0.0889   0.2986
 13.40  8.40040E-03  6.87122E-02   0.2974   8.9892  13.2072  -0.3928   0.6436   0.3047  -0.0890   0.2922
 13.45  6.37845E-03  5.92973E-02   0.3294   8.9847  13.2214  -0.3706   0.6374   0.3112  -0.0896   0.2880
 13.50  4.55011E-03  5.02953E-02   0.3612   8.9802  13.2360  -0.3507   0.6322   0.3165  -0.0908   0.2869
 13.55  2.96282E-03  4.17834E-02   0.3927   8.9756  13.2508  -0.3328   0.6281   0.3202  -0.0925   0.2890
 13.60  1.66406E-03  3.38392E-02   0.4240   8.9710  13.2656  -0.3164   0.6250   0.3217  -0.0949   0.2949
 13.65  7.01268E-04  2.65398E-02   0.4552   8.9661  13.2803  -0.3011   0.6226   0.3207  -0.0975   0.3039
 13.70  1.21918E-04  1.99628E-02   0.4863   8.9612  13.2948  -0.2869   0.6208   0.3171  -0.1000   0.3154
 13.75  0.00000E+00  1.41853E-02   0.5173   8.9561  13.3088  -0.2741   0.6194   0.3110  -0.1025   0.3295
 13.80  0.00000E+00  9.28490E-03   0.5482   8.9510  13.3225  -0.2619   0.6184   0.3030  -0.1049   0.3461
 13.85  0.00000E+00  5.33878E-03   0.5791   8.9457  13.3360  -0.2496   0.6175   0.2940  -0.1066   0.3624
 13.90  0.00000E+00  2.42436E-03   0.6100   8.9403  13.3496  -0.2377   0.6161   0.2850  -0.1070   0.3753
 13.95  0.00000E+00  6.18983E-04   0.6407   8.9350  13.3634  -0.2269   0.6143   0.2765  -0.1061   0.3837
 14.00  0.00000E+00  0.00000E+00   0.6714   8.9297  13.3777  -0.2151   0.6119   0.2666  -0.1039   0.3897
 14.05  0.00000E+00  0.00000E+00   0.7019   8.9246  13.3926  -0.2022   0.6093   0.2560  -0.1008   0.3939
 14.10  0.00000E+00  0.00000E+00   0.7323   8.9197  13.4084  -0.1903   0.6067   0.2462  -0.0976   0.3963
